0.000000000000000000e+00 4.249713631156929461e-01 1.254612546125464523e-01
0.000000000000000000e+00 4.328088690015908790e-01 1.230509341747283852e-01
0.000000000000000000e+00 4.409021100960051065e-01 1.211881350845416677e-01
0.000000000000000000e+00 4.492220493757501654e-01 1.198065999416327021e-01
0.000000000000000000e+00 4.577396498176412587e-01 1.188400713456480295e-01
0.000000000000000000e+00 4.664258743984930344e-01 1.182222918962340663e-01
0.000000000000000000e+00 4.752516860951202515e-01 1.178870041930372148e-01
0.000000000000000000e+00 4.841880478843376689e-01 1.177679508357039467e-01
0.000000000000000000e+00 4.932059227429603232e-01 1.177988744238807201e-01
0.000000000000000000e+00 5.022762736478028067e-01 1.179135175572139649e-01
0.000000000000000000e+00 5.113700635756799340e-01 1.180456228353501252e-01
0.000000000000000000e+00 5.204582555034065194e-01 1.181289328579356313e-01
0.000000000000000000e+00 5.295118124077974331e-01 1.180971902246169686e-01
0.000000000000000000e+00 5.385016972656673229e-01 1.178841375350405396e-01
0.000000000000000000e+00 5.473988730538312808e-01 1.174235173888528161e-01
0.000000000000000000e+00 5.561743027491039548e-01 1.166490723857002282e-01
0.000000000000000000e+00 5.647989493283001039e-01 1.154945451252292477e-01
0.000000000000000000e+00 5.732437757682344870e-01 1.138936782070862908e-01
0.000000000000000000e+00 5.814797450457220851e-01 1.117802142309178154e-01
0.000000000000000000e+00 5.894778201375774351e-01 1.090878957963702378e-01
0.000000000000000000e+00 5.972091803166000856e-01 1.057513473758181360e-01
0.000000000000000000e+00 6.046562155414627604e-01 1.017509011701733940e-01
0.000000000000000000e+00 6.118177459421169084e-01 9.713387777133714041e-02
0.000000000000000000e+00 6.186938998938827927e-01 9.195293169322668603e-02
0.000000000000000000e+00 6.252848057720808983e-01 8.626071744975935540e-02
0.000000000000000000e+00 6.315905919520313772e-01 8.010988955485245921e-02
0.000000000000000000e+00 6.376113868090548253e-01 7.355310252242336366e-02
0.000000000000000000e+00 6.433473187184716169e-01 6.664301086638935168e-02
0.000000000000000000e+00 6.487985160556021258e-01 5.943226910066778945e-02
0.000000000000000000e+00 6.539651071957666151e-01 5.197353173917595992e-02
0.000000000000000000e+00 6.588472205142857918e-01 4.431945329583124316e-02
0.000000000000000000e+00 6.634449844357519499e-01 3.652268740873281655e-02
0.000000000000000000e+00 6.677590362871244078e-01 2.862684194697564036e-02
0.000000000000000000e+00 6.717917759886333773e-01 2.064419458228069354e-02
0.000000000000000000e+00 6.755459847988811717e-01 1.258024467474334017e-02
0.000000000000000000e+00 6.790244439764698825e-01 4.440491584458918298e-03
0.000000000000000000e+00 6.822299347800020453e-01 -3.769565328477241829e-03
0.000000000000000000e+00 6.851652384680798624e-01 -1.204442670396981170e-02
0.000000000000000000e+00 6.878331362993054254e-01 -2.037859318192335872e-02
0.000000000000000000e+00 6.902364095322814919e-01 -2.876656540224258735e-02
0.000000000000000000e+00 6.923778394256100421e-01 -3.720284400483214043e-02
0.000000000000000000e+00 6.942602072378933897e-01 -4.568192962959667647e-02
0.000000000000000000e+00 6.958862942277338481e-01 -5.419832291644083311e-02
0.000000000000000000e+00 6.972588816537337308e-01 -6.274652450526928271e-02
0.000000000000000000e+00 6.983807507744955734e-01 -7.132103503598671845e-02
0.000000000000000000e+00 6.992546828486212451e-01 -7.991635514849768085e-02
0.000000000000000000e+00 6.998834591347133927e-01 -8.852698548270689083e-02
0.000000000000000000e+00 7.002722270160944840e-01 -9.714817808258754961e-02
0.000000000000000000e+00 7.004357107475063238e-01 -1.057782262942411899e-01
0.000000000000000000e+00 7.003910572274271162e-01 -1.144161928164346975e-01
0.000000000000000000e+00 7.001554133544806158e-01 -1.230611403479813099e-01
0.000000000000000000e+00 6.997459260272907988e-01 -1.317121315876941534e-01
0.000000000000000000e+00 6.991797421444814198e-01 -1.403682292343864102e-01
0.000000000000000000e+00 6.984740086046763441e-01 -1.490284959868713455e-01
0.000000000000000000e+00 6.976458723064995482e-01 -1.576919945439620441e-01
0.000000000000000000e+00 6.967124801485750085e-01 -1.663577876044717296e-01
0.000000000000000000e+00 6.956909790295265905e-01 -1.750249378672136535e-01
0.000000000000000000e+00 6.945985158479780486e-01 -1.836925080310008451e-01
0.000000000000000000e+00 6.934522375025530261e-01 -1.923595607946466113e-01
0.000000000000000000e+00 6.922692908918760546e-01 -2.010251588569641201e-01
0.000000000000000000e+00 6.910668229145704444e-01 -2.096883649167665675e-01
0.000000000000000000e+00 6.898619804692603941e-01 -2.183482416728670661e-01
0.000000000000000000e+00 6.886719104545697689e-01 -2.270038518240788949e-01
0.000000000000000000e+00 6.875120250960592427e-01 -2.356543622429937146e-01
0.000000000000000000e+00 6.863846858855453537e-01 -2.442997235488799379e-01
0.000000000000000000e+00 6.852863135424664964e-01 -2.529402431271999263e-01
0.000000000000000000e+00 6.842132987484463857e-01 -2.615762301673019152e-01
0.000000000000000000e+00 6.831620321851094024e-01 -2.702079938585343899e-01
0.000000000000000000e+00 6.821289045340794832e-01 -2.788358433902457523e-01
0.000000000000000000e+00 6.811103064769808979e-01 -2.874600879517842933e-01
0.000000000000000000e+00 6.801026286954381384e-01 -2.960810367324985259e-01
0.000000000000000000e+00 6.791022618710743641e-01 -3.046989989217367412e-01
0.000000000000000000e+00 6.781055966855142891e-01 -3.133142837088472299e-01
0.000000000000000000e+00 6.771090238203820721e-01 -3.219272002831787827e-01
0.000000000000000000e+00 6.761089339573017609e-01 -3.305380578340793019e-01
0.000000000000000000e+00 6.751017177778974032e-01 -3.391471655508974115e-01
0.000000000000000000e+00 6.740837659637930468e-01 -3.477548326229814579e-01
0.000000000000000000e+00 6.730514691966131835e-01 -3.563613682396800098e-01
0.000000000000000000e+00 6.720012181579814170e-01 -3.649670815903411358e-01
0.000000000000000000e+00 6.709294035295221281e-01 -3.735722818643133492e-01
0.000000000000000000e+00 6.698324553097244616e-01 -3.821772799537602183e-01
0.000000000000000000e+00 6.687118335963413429e-01 -3.907826046046433688e-01
0.000000000000000000e+00 6.675789179403903706e-01 -3.993892141748394131e-01
0.000000000000000000e+00 6.664462488281559516e-01 -4.079981173023772278e-01
0.000000000000000000e+00 6.653263667459219377e-01 -4.166103226252853564e-01
0.000000000000000000e+00 6.642318121799730690e-01 -4.252268387815927309e-01
0.000000000000000000e+00 6.631751256165938635e-01 -4.338486744093281722e-01
0.000000000000000000e+00 6.621688475420685061e-01 -4.424768381465205014e-01
0.000000000000000000e+00 6.612255184426810706e-01 -4.511123386311984840e-01
0.000000000000000000e+00 6.603553660231573641e-01 -4.597559388020448501e-01
0.000000000000000000e+00 6.595430228247164406e-01 -4.684056824845123090e-01
0.000000000000000000e+00 6.587572013849614105e-01 -4.770579222356057802e-01
0.000000000000000000e+00 6.579663743218079341e-01 -4.857089851243589496e-01
0.000000000000000000e+00 6.571390142531713385e-01 -4.943551982198050587e-01
0.000000000000000000e+00 6.562435937969669508e-01 -5.029928885909776826e-01
0.000000000000000000e+00 6.552485855711099871e-01 -5.116183833069101183e-01
0.000000000000000000e+00 6.541224621935162187e-01 -5.202280094366361629e-01
0.000000000000000000e+00 6.528336962821006395e-01 -5.288180940491888915e-01
0.000000000000000000e+00 6.513508237361655961e-01 -5.373849326407044158e-01
0.000000000000000000e+00 6.496485865610065469e-01 -5.459217243031344591e-01
0.000000000000000000e+00 6.477130690930099632e-01 -5.544160091143132130e-01
0.000000000000000000e+00 6.455315648133617135e-01 -5.628547238750731818e-01
0.000000000000000000e+00 6.430913672032468886e-01 -5.712248053862457597e-01
0.000000000000000000e+00 6.403797697438520231e-01 -5.795131904486642282e-01
0.000000000000000000e+00 6.373840659163623190e-01 -5.877068158631602035e-01
0.000000000000000000e+00 6.340915492019636446e-01 -5.957926184305665229e-01
0.000000000000000000e+00 6.304895130818418680e-01 -6.037575349517149137e-01
0.000000000000000000e+00 6.265652510371825246e-01 -6.115885022274381022e-01
0.000000000000000000e+00 6.223060565491711493e-01 -6.192724570585679267e-01
0.000000000000000000e+00 6.177005321755033584e-01 -6.267969790837136790e-01
0.000000000000000000e+00 6.127812965785102151e-01 -6.341712625794556635e-01
0.000000000000000000e+00 6.076344603789446408e-01 -6.414307696924016478e-01
0.000000000000000000e+00 6.023493610582121294e-01 -6.486125471579230473e-01
0.000000000000000000e+00 5.970153360977185075e-01 -6.557536417113906113e-01
0.000000000000000000e+00 5.917217229788687138e-01 -6.628911000881752003e-01
0.000000000000000000e+00 5.865578591830687971e-01 -6.700619690236476744e-01
0.000000000000000000e+00 5.816130821917240290e-01 -6.773032952531791162e-01
0.000000000000000000e+00 5.769767294862399032e-01 -6.846521255121399419e-01
0.000000000000000000e+00 5.727381385480218023e-01 -6.921455065359017889e-01
0.000000000000000000e+00 5.689866468584756642e-01 -6.998204850598349624e-01
0.000000000000000000e+00 5.658115918990064275e-01 -7.077141078193108781e-01
0.000000000000000000e+00 5.633023111510202519e-01 -7.158634215496999520e-01
0.000000000000000000e+00 5.615449733385470266e-01 -7.243018299217597322e-01
0.000000000000000000e+00 5.605694283775110032e-01 -7.329979878632534307e-01
0.000000000000000000e+00 5.603571121644758124e-01 -7.418648895555206568e-01
0.000000000000000000e+00 5.608878841409137284e-01 -7.508137167572132009e-01
0.000000000000000000e+00 5.621416037482976913e-01 -7.597556512269837414e-01
0.000000000000000000e+00 5.640981304280999753e-01 -7.686018747234844017e-01
0.000000000000000000e+00 5.667373236217928545e-01 -7.772635690053674162e-01
0.000000000000000000e+00 5.700390427708490471e-01 -7.856519158312847972e-01
0.000000000000000000e+00 5.739831473167409381e-01 -7.936780969598885571e-01
0.000000000000000000e+00 5.785494967009410239e-01 -8.012532941498313743e-01
0.000000000000000000e+00 5.837171760944970256e-01 -8.082920592647305780e-01
0.000000000000000000e+00 5.894515693136261891e-01 -8.147685809597906559e-01
0.000000000000000000e+00 5.957063136756994837e-01 -8.207081759364663887e-01
0.000000000000000000e+00 6.024346661055255403e-01 -8.261378166005085566e-01
0.000000000000000000e+00 6.095898835279118799e-01 -8.310844753576676069e-01
0.000000000000000000e+00 6.171252228676672447e-01 -8.355751246136937649e-01
0.000000000000000000e+00 6.249939410495987113e-01 -8.396367367743369226e-01
0.000000000000000000e+00 6.331492949985151331e-01 -8.432962842453479713e-01
0.000000000000000000e+00 6.415445416392240308e-01 -8.465807394324769142e-01
0.000000000000000000e+00 6.501329378965337025e-01 -8.495170747414739765e-01
0.000000000000000000e+00 6.588677406952515581e-01 -8.521322625780894944e-01
0.000000000000000000e+00 6.677022069601867837e-01 -8.544532753480746923e-01
0.000000000000000000e+00 6.765896449031503224e-01 -8.565069868013691634e-01
0.000000000000000000e+00 6.854925135941675185e-01 -8.583026680740724057e-01
0.000000000000000000e+00 6.943929017984155072e-01 -8.598118305713875476e-01
0.000000000000000000e+00 7.032754364556896842e-01 -8.610011032594457880e-01
0.000000000000000000e+00 7.121247445057861114e-01 -8.618371151043801026e-01
0.000000000000000000e+00 7.209254528884999624e-01 -8.622864950723214683e-01
0.000000000000000000e+00 7.296621885436274102e-01 -8.623158721294020834e-01
0.000000000000000000e+00 7.383195784109637394e-01 -8.618918752417538132e-01
0.000000000000000000e+00 7.468822494303050119e-01 -8.609811333755083007e-01
0.000000000000000000e+00 7.553348285414462904e-01 -8.595502754967978554e-01
0.000000000000000000e+00 7.636619426841839697e-01 -8.575659305717538983e-01
0.000000000000000000e+00 7.718481756777321179e-01 -8.549954411960275502e-01
0.000000000000000000e+00 7.798764075798045869e-01 -8.518343465821661686e-01
0.000000000000000000e+00 7.877272891897971752e-01 -8.481150793357845608e-01
0.000000000000000000e+00 7.953813207003843644e-01 -8.438725645475144699e-01
0.000000000000000000e+00 8.028190023042405254e-01 -8.391417273079874173e-01
0.000000000000000000e+00 8.100208341940403622e-01 -8.339574927078359234e-01
0.000000000000000000e+00 8.169673165624589117e-01 -8.283547858376918427e-01
0.000000000000000000e+00 8.236389496021697676e-01 -8.223685317881870294e-01
0.000000000000000000e+00 8.300162335058485219e-01 -8.160336556499532268e-01
0.000000000000000000e+00 8.360796684661689904e-01 -8.093850825136227334e-01
0.000000000000000000e+00 8.418097546758060989e-01 -8.024577374698271814e-01
0.000000000000000000e+00 8.471869923274346625e-01 -7.952865456091987584e-01
0.000000000000000000e+00 8.521918816137289410e-01 -7.879064320223692075e-01
0.000000000000000000e+00 8.568050676717735570e-01 -7.803522594003714508e-01
0.000000000000000000e+00 8.610240102672586104e-01 -7.726516516170049975e-01
0.000000000000000000e+00 8.648784435218141997e-01 -7.648183382062435642e-01
0.000000000000000000e+00 8.684017568910680218e-01 -7.568644750547691702e-01
0.000000000000000000e+00 8.716273398306473297e-01 -7.488022180492658331e-01
0.000000000000000000e+00 8.745885817961802644e-01 -7.406437230764163493e-01
0.000000000000000000e+00 8.773188722432938569e-01 -7.324011460229041814e-01
0.000000000000000000e+00 8.798516006276162482e-01 -7.240866427754121259e-01
0.000000000000000000e+00 8.822201564047743583e-01 -7.157123692206234233e-01
0.000000000000000000e+00 8.844579290303962171e-01 -7.072904812452215362e-01
0.000000000000000000e+00 8.865983079601094108e-01 -6.988331347358891499e-01
0.000000000000000000e+00 8.886746826495413032e-01 -6.903524855793098380e-01
0.000000000000000000e+00 8.907204425543197024e-01 -6.818606896621663971e-01
0.000000000000000000e+00 8.927689771300719723e-01 -6.733699028711424006e-01
0.000000000000000000e+00 8.948536758324256990e-01 -6.648922810929205340e-01
0.000000000000000000e+00 8.970079273478555049e-01 -6.564399799415965298e-01
0.000000000000000000e+00 8.992559797591944681e-01 -6.480219156004860537e-01
0.000000000000000000e+00 9.015902049076474079e-01 -6.396357073099130375e-01
0.000000000000000000e+00 9.039960302817170446e-01 -6.312765132309585692e-01
0.000000000000000000e+00 9.064588833699062098e-01 -6.229394915247044029e-01
0.000000000000000000e+00 9.089641916607179573e-01 -6.146198003522314046e-01
0.000000000000000000e+00 9.114973826426541192e-01 -6.063125978746211064e-01
0.000000000000000000e+00 9.140438838042184155e-01 -5.980130422529547074e-01
0.000000000000000000e+00 9.165891226339133446e-01 -5.897162916483138506e-01
0.000000000000000000e+00 9.191185266202415161e-01 -5.814175042217792910e-01
0.000000000000000000e+00 9.216175232517059834e-01 -5.731118381344331159e-01
0.000000000000000000e+00 9.240715400168089122e-01 -5.647944515473560800e-01
0.000000000000000000e+00 9.264660044040541331e-01 -5.564605026216297157e-01
0.000000000000000000e+00 9.287863439019433676e-01 -5.481051495183355549e-01
0.000000000000000000e+00 9.310179859989800022e-01 -5.397235503985544636e-01
0.000000000000000000e+00 9.331481214017494086e-01 -5.313116359035517933e-01
0.000000000000000000e+00 9.351739708803363804e-01 -5.228697309269925153e-01
0.000000000000000000e+00 9.370962969374279083e-01 -5.143997120244032661e-01
0.000000000000000000e+00 9.389158661152244845e-01 -5.059034575210530349e-01
0.000000000000000000e+00 9.406334449559248245e-01 -4.973828457422112548e-01
0.000000000000000000e+00 9.422498000017285325e-01 -4.888397550131468039e-01
0.000000000000000000e+00 9.437656977948358783e-01 -4.802760636591295040e-01
0.000000000000000000e+00 9.451819048774456888e-01 -4.716936500054280668e-01
0.000000000000000000e+00 9.464991877917577900e-01 -4.630943923773123139e-01
0.000000000000000000e+00 9.477183130799721189e-01 -4.544801691000510124e-01
0.000000000000000000e+00 9.488400472842873912e-01 -4.458528584989137067e-01
0.000000000000000000e+00 9.498651569469038769e-01 -4.372143388991693858e-01
0.000000000000000000e+00 9.507944086100209580e-01 -4.285664886260874828e-01
0.000000000000000000e+00 9.516285688158379052e-01 -4.199111860049373757e-01
0.000000000000000000e+00 9.523689742769292366e-01 -4.112502576942965171e-01
0.000000000000000000e+00 9.530237324308840074e-01 -4.025849168151445778e-01
0.000000000000000000e+00 9.536053875528491819e-01 -3.939159744389539308e-01
0.000000000000000000e+00 9.541265610105940098e-01 -3.852442346513539340e-01
0.000000000000000000e+00 9.545998741718871861e-01 -3.765705015379734455e-01
0.000000000000000000e+00 9.550379484044978495e-01 -3.678955791844423229e-01
0.000000000000000000e+00 9.554534050761951391e-01 -3.592202716763893688e-01
0.000000000000000000e+00 9.558588655547478607e-01 -3.505453830994442743e-01
0.000000000000000000e+00 9.562669512079249312e-01 -3.418717175392358421e-01
0.000000000000000000e+00 9.566902834034957115e-01 -3.332000790813939295e-01
0.000000000000000000e+00 9.571414835092288964e-01 -3.245312718115472839e-01
0.000000000000000000e+00 9.576331728928935139e-01 -3.158660998153255406e-01
0.000000000000000000e+00 9.581779729222585917e-01 -3.072053671783577244e-01
0.000000000000000000e+00 9.587885047418241991e-01 -2.985498779697668414e-01
0.000000000000000000e+00 9.594733664757549851e-01 -2.899001388358937725e-01
0.000000000000000000e+00 9.602268660739187167e-01 -2.812555999473341783e-01
0.000000000000000000e+00 9.610401399728868421e-01 -2.726154770040059017e-01
0.000000000000000000e+00 9.619043246092311428e-01 -2.639789857058261191e-01
0.000000000000000000e+00 9.628105564195232891e-01 -2.553453417527125624e-01
0.000000000000000000e+00 9.637499718403345073e-01 -2.467137608445821306e-01
0.000000000000000000e+00 9.647137073082364678e-01 -2.380834586813525833e-01
0.000000000000000000e+00 9.656928992598008410e-01 -2.294536509629417353e-01
0.000000000000000000e+00 9.666786841315994083e-01 -2.208235533892661528e-01
0.000000000000000000e+00 9.676621983602035071e-01 -2.121923816602436230e-01
0.000000000000000000e+00 9.686345783821844746e-01 -2.035593514757914890e-01
0.000000000000000000e+00 9.695869606341142033e-01 -1.949236785358277324e-01
0.000000000000000000e+00 9.705104815525640305e-01 -1.862845785402688359e-01
0.000000000000000000e+00 9.713962775741055156e-01 -1.776412671890325867e-01
0.000000000000000000e+00 9.722354851353105509e-01 -1.689929601820365224e-01
0.000000000000000000e+00 9.730199977097724329e-01 -1.603389577796103804e-01
0.000000000000000000e+00 9.737507241674560055e-01 -1.516795672544406781e-01
0.000000000000000000e+00 9.744344934303171835e-01 -1.430157571441485476e-01
0.000000000000000000e+00 9.750782378516784643e-01 -1.343485075395550177e-01
0.000000000000000000e+00 9.756888897848619013e-01 -1.256787985314806455e-01
0.000000000000000000e+00 9.762733815831904360e-01 -1.170076102107464600e-01
0.000000000000000000e+00 9.768386455999863438e-01 -1.083359226681721715e-01
0.000000000000000000e+00 9.773916141885716780e-01 -9.966471599457878139e-02
0.000000000000000000e+00 9.779392197022689359e-01 -9.099497028078679106e-02
0.000000000000000000e+00 9.784883944944005041e-01 -8.232766561761727109e-02
0.000000000000000000e+00 9.790460709182894350e-01 -7.366378209588994586e-02
0.000000000000000000e+00 9.796191813272571158e-01 -6.500429980642576100e-02
0.000000000000000000e+00 9.802146580746265991e-01 -5.635019884004531521e-02
0.000000000000000000e+00 9.808394335137199382e-01 -4.770245928756959575e-02
0.000000000000000000e+00 9.815004399978596306e-01 -3.906206123981831313e-02
0.000000000000000000e+00 9.822042498024847745e-01 -3.042978339349673017e-02
0.000000000000000000e+00 9.829542977325789188e-01 -2.180464963581566981e-02
0.000000000000000000e+00 9.837524016621257417e-01 -1.318477949300226465e-02
0.000000000000000000e+00 9.846003660581879036e-01 -4.568284992697670306e-03
0.000000000000000000e+00 9.854999953878286201e-01 4.046721837458246498e-03
0.000000000000000000e+00 9.864530941181097745e-01 1.266212896982434055e-02
0.000000000000000000e+00 9.874614667160944714e-01 2.127982437675988645e-02
0.000000000000000000e+00 9.885269176488453713e-01 2.990169603062372075e-02
0.000000000000000000e+00 9.896512513834246905e-01 3.852963190377597241e-02
0.000000000000000000e+00 9.908362723868957556e-01 4.716551996857551443e-02
0.000000000000000000e+00 9.920837851263210050e-01 5.581124819738163267e-02
0.000000000000000000e+00 9.933955083967958011e-01 6.446869553432667266e-02
0.000000000000000000e+00 9.947551460804172629e-01 7.313784248792175313e-02
0.000000000000000000e+00 9.961062806259923796e-01 8.181444151638327111e-02
0.000000000000000000e+00 9.973870769641426381e-01 9.049367417261709734e-02
0.000000000000000000e+00 9.985357000254897475e-01 9.917072200952856131e-02
0.000000000000000000e+00 9.994903147406551946e-01 1.078407665800243803e-01
0.000000000000000000e+00 1.000189086040260689e+00 1.164989894370098977e-01
0.000000000000000000e+00 1.000570178854927050e+00 1.251405721333909149e-01
0.000000000000000000e+00 1.000571758115276211e+00 1.337606962220732054e-01
0.000000000000000000e+00 1.000131988751929768e+00 1.423545432559621959e-01
0.000000000000000000e+00 9.991987872019603145e-01 1.509170274220517638e-01
0.000000000000000000e+00 9.977880153559962606e-01 1.594411999850983697e-01
0.000000000000000000e+00 9.959444463016339233e-01 1.679193195253023685e-01
0.000000000000000000e+00 9.937129595305561613e-01 1.763436417054864147e-01
0.000000000000000000e+00 9.911384345344457225e-01 1.847064221884742174e-01
0.000000000000000000e+00 9.882657508049846884e-01 1.929999166370882924e-01
0.000000000000000000e+00 9.851397878338565839e-01 2.012163807141516547e-01
0.000000000000000000e+00 9.818054251127438237e-01 2.093480700824867369e-01
0.000000000000000000e+00 9.783075421333282673e-01 2.173872404049173868e-01
0.000000000000000000e+00 9.746910181004999618e-01 2.253261474827506217e-01
0.000000000000000000e+00 9.709887262845100508e-01 2.331628444523342336e-01
0.000000000000000000e+00 9.671895999445691006e-01 2.409166018706790924e-01
0.000000000000000000e+00 9.632725228014540342e-01 2.486115429400136134e-01
0.000000000000000000e+00 9.592163785759428851e-01 2.562717908625652408e-01
0.000000000000000000e+00 9.550000509888132427e-01 2.639214688405617792e-01
0.000000000000000000e+00 9.506029694915536510e-01 2.715846200637033192e-01
0.000000000000000000e+00 9.460510822828702704e-01 2.792784673568681764e-01
0.000000000000000000e+00 9.414517268028779196e-01 2.870083006285911176e-01
0.000000000000000000e+00 9.369204519995905089e-01 2.947782058538745975e-01
0.000000000000000000e+00 9.325728068210219490e-01 3.025922690077216815e-01
0.000000000000000000e+00 9.285243402151859282e-01 3.104545760651349351e-01
0.000000000000000000e+00 9.248906011300960239e-01 3.183692130011179233e-01
0.000000000000000000e+00 9.217871385137658136e-01 3.263402657906733229e-01
0.000000000000000000e+00 9.193295013142092076e-01 3.343718204088039769e-01
0.000000000000000000e+00 9.176332384794400054e-01 3.424679628305126178e-01
0.000000000000000000e+00 9.167895639802152719e-01 3.506310764937939362e-01
0.000000000000000000e+00 9.167632768296019030e-01 3.588547005241264354e-01
0.000000000000000000e+00 9.174782546498617686e-01 3.671295110822297425e-01
0.000000000000000000e+00 9.188583542102163326e-01 3.754461828698915649e-01
0.000000000000000000e+00 9.208274322798869482e-01 3.837953905888992212e-01
0.000000000000000000e+00 9.233093456280955236e-01 3.921678089410416956e-01
0.000000000000000000e+00 9.262279510240639668e-01 4.005541126281063069e-01
0.000000000000000000e+00 9.295071052370138531e-01 4.089449763518808179e-01
0.000000000000000000e+00 9.330706650361666465e-01 4.173310748141529913e-01
0.000000000000000000e+00 9.368424871907438112e-01 4.257030827167110898e-01
0.000000000000000000e+00 9.407464284699678103e-01 4.340516747613429316e-01
0.000000000000000000e+00 9.447063456430592199e-01 4.423675256498360575e-01
0.000000000000000000e+00 9.486460954792402811e-01 4.506413100839780084e-01
0.000000000000000000e+00 9.524895818936653935e-01 4.588637199822315216e-01
0.000000000000000000e+00 9.561789413119204939e-01 4.670321053811221090e-01
0.000000000000000000e+00 9.597020612125474193e-01 4.751605236111764441e-01
0.000000000000000000e+00 9.630538904884600182e-01 4.832656106785651606e-01
0.000000000000000000e+00 9.662293780325730275e-01 4.913640025894605579e-01
0.000000000000000000e+00 9.692234727378005177e-01 4.994723353500335472e-01
0.000000000000000000e+00 9.720311234970572256e-01 5.076072449664555952e-01
0.000000000000000000e+00 9.746472792032572219e-01 5.157853674448976689e-01
0.000000000000000000e+00 9.770668887493145771e-01 5.240233387915309571e-01
0.000000000000000000e+00 9.792849010281443611e-01 5.323377950125276481e-01
0.000000000000000000e+00 9.812962649326606446e-01 5.407453721140587088e-01
0.000000000000000000e+00 9.830943397552527330e-01 5.492594965515876781e-01
0.000000000000000000e+00 9.846607548711963087e-01 5.578699109913549670e-01
0.000000000000000000e+00 9.859718893949515062e-01 5.665557573366756250e-01
0.000000000000000000e+00 9.870040978278584731e-01 5.752961277946917473e-01
0.000000000000000000e+00 9.877337346712578015e-01 5.840701145725464283e-01
0.000000000000000000e+00 9.881371544264886397e-01 5.928568098773820960e-01
0.000000000000000000e+00 9.881907115948913578e-01 6.016353059163422889e-01
0.000000000000000000e+00 9.878707606778061034e-01 6.103846948965694352e-01
0.000000000000000000e+00 9.871536561765724693e-01 6.190840690252066292e-01
0.000000000000000000e+00 9.860157525925303812e-01 6.277125205093959659e-01
0.000000000000000000e+00 9.844334044270204309e-01 6.362491415562814279e-01
0.000000000000000000e+00 9.823891782901904568e-01 6.446752758991984855e-01
0.000000000000000000e+00 9.799199205704086646e-01 6.529919405171068503e-01
0.000000000000000000e+00 9.770905158401159696e-01 6.612103145911738533e-01
0.000000000000000000e+00 9.739660830877634456e-01 6.693416622646634062e-01
0.000000000000000000e+00 9.706117413018008344e-01 6.773972476808403087e-01
0.000000000000000000e+00 9.670926094706774334e-01 6.853883349829671401e-01
0.000000000000000000e+00 9.634738065828436504e-01 6.933261883143080340e-01
0.000000000000000000e+00 9.598204516267501152e-01 7.012220718181265688e-01
0.000000000000000000e+00 9.561976585826146291e-01 7.090872501104097392e-01
0.000000000000000000e+00 9.526565611949991963e-01 7.169343073908669428e-01
0.000000000000000000e+00 9.492037699385968974e-01 7.247800303765045138e-01
0.000000000000000000e+00 9.458370515513487842e-01 7.326420405378594181e-01
0.000000000000000000e+00 9.425541727711950202e-01 7.405379593454692877e-01
0.000000000000000000e+00 9.393529003360763241e-01 7.484854082698706446e-01
0.000000000000000000e+00 9.362310009839326375e-01 7.565020087816001215e-01
0.000000000000000000e+00 9.331862414527051230e-01 7.646053823511951286e-01
0.000000000000000000e+00 9.302163884803335003e-01 7.728131504491915216e-01
0.000000000000000000e+00 9.273192088047591541e-01 7.811429345461278206e-01
0.000000000000000000e+00 9.244924691639214709e-01 7.896123561125396595e-01
0.000000000000000000e+00 9.217339096446192093e-01 7.982389908523491728e-01
0.000000000000000000e+00 9.190261174156866275e-01 8.070143931546439608e-01
0.000000000000000000e+00 9.163112324289927058e-01 8.158606595147058771e-01
0.000000000000000000e+00 9.135247186440971223e-01 8.246884220947985344e-01
0.000000000000000000e+00 9.106020400205583343e-01 8.334083130571845466e-01
0.000000000000000000e+00 9.074786605179360199e-01 8.419309645641270823e-01
0.000000000000000000e+00 9.040900440957884143e-01 8.501670087778894214e-01
0.000000000000000000e+00 9.003716547136750847e-01 8.580270778607349547e-01
0.000000000000000000e+00 8.962589563311547103e-01 8.654218039749266289e-01
0.000000000000000000e+00 8.916874129077861921e-01 8.722618192827269468e-01
0.000000000000000000e+00 8.865924884031289865e-01 8.784577559464001872e-01
0.000000000000000000e+00 8.809107292372370113e-01 8.839215436284590943e-01
0.000000000000000000e+00 8.746252299428256549e-01 8.886209072727115910e-01
0.000000000000000000e+00 8.677822721512191695e-01 8.925993115627639529e-01
0.000000000000000000e+00 8.604326454906188193e-01 8.959056247300662967e-01
0.000000000000000000e+00 8.526271395892238703e-01 8.985887150060685169e-01
0.000000000000000000e+00 8.444165440752351426e-01 9.006974506222198418e-01
0.000000000000000000e+00 8.358516485768534565e-01 9.022806998099710540e-01
0.000000000000000000e+00 8.269832427222788551e-01 9.033873308007703828e-01
0.000000000000000000e+00 8.178621161397116035e-01 9.040662118260688329e-01
0.000000000000000000e+00 8.085390584573522998e-01 9.043662111173157436e-01
0.000000000000000000e+00 7.990648593034015423e-01 9.043361969059610095e-01
0.000000000000000000e+00 7.894903083060597071e-01 9.040250374234540809e-01
0.000000000000000000e+00 7.798661950935267262e-01 9.034816009012447413e-01
0.000000000000000000e+00 7.702433092940035309e-01 9.027547555707831073e-01
0.000000000000000000e+00 7.606724405356901642e-01 9.018933696635188513e-01
0.000000000000000000e+00 7.512043784467876684e-01 9.009463114109013127e-01
0.000000000000000000e+00 7.418891008166929035e-01 8.999619769498270472e-01
0.000000000000000000e+00 7.327471320366949481e-01 8.989716348928782352e-01
0.000000000000000000e+00 7.237619115776243728e-01 8.979849885013507782e-01
0.000000000000000000e+00 7.149145153230689331e-01 8.970103665805995163e-01
0.000000000000000000e+00 7.061860191566181610e-01 8.960560979359819544e-01
0.000000000000000000e+00 6.975574989618594790e-01 8.951305113728542651e-01
0.000000000000000000e+00 6.890100306223816418e-01 8.942419356965722876e-01
0.000000000000000000e+00 6.805246900217727379e-01 8.933986997124920837e-01
0.000000000000000000e+00 6.720825530436222994e-01 8.926091322259706029e-01
0.000000000000000000e+00 6.636646955715178597e-01 8.918815620423637958e-01
0.000000000000000000e+00 6.552521934890480626e-01 8.912243179670281679e-01
0.000000000000000000e+00 6.468261226798015517e-01 8.906457288053196697e-01
0.000000000000000000e+00 6.383675590273668599e-01 8.901541233625945848e-01
0.000000000000000000e+00 6.298575784153320756e-01 8.897578304442095298e-01
0.000000000000000000e+00 6.212772567272857316e-01 8.894651788555203442e-01
0.000000000000000000e+00 6.126076698468163606e-01 8.892844974018836446e-01
0.000000000000000000e+00 6.038298936575129394e-01 8.892241148886554925e-01
0.000000000000000000e+00 5.949250040429631126e-01 8.892923601211922824e-01
0.000000000000000000e+00 5.858847119760680622e-01 8.894837779834867675e-01
0.000000000000000000e+00 5.767497408109795165e-01 8.897293894163684769e-01
0.000000000000000000e+00 5.675749238373996031e-01 8.899419277622889757e-01
0.000000000000000000e+00 5.584150956332637472e-01 8.900341246940445261e-01
0.000000000000000000e+00 5.493250907765074853e-01 8.899187118844332778e-01
0.000000000000000000e+00 5.403597438450666868e-01 8.895084210062521590e-01
0.000000000000000000e+00 5.315738894168774431e-01 8.887159837322987643e-01
0.000000000000000000e+00 5.230223620698756237e-01 8.874541317353698000e-01
0.000000000000000000e+00 5.147599963819963209e-01 8.856355966882630826e-01
0.000000000000000000e+00 5.068416269311757372e-01 8.831731102637757624e-01
0.000000000000000000e+00 4.993220882953496309e-01 8.799794041347049900e-01
0.000000000000000000e+00 4.922533180866260905e-01 8.759720955012548771e-01
0.000000000000000000e+00 4.856309137558325051e-01 8.711638152497950260e-01
0.000000000000000000e+00 4.793993178127076149e-01 8.656534634467658584e-01
0.000000000000000000e+00 4.735011158765276562e-01 8.595430716726729647e-01
0.000000000000000000e+00 4.678788935665701421e-01 8.529346715080241559e-01
0.000000000000000000e+00 4.624752365021110312e-01 8.459302945333238011e-01
0.000000000000000000e+00 4.572327303024275036e-01 8.386319723290791561e-01
0.000000000000000000e+00 4.520939605867961841e-01 8.311417364757960335e-01
0.000000000000000000e+00 4.470015129744938087e-01 8.235616185539811340e-01
0.000000000000000000e+00 4.418979730847974463e-01 8.159936501441407142e-01
0.000000000000000000e+00 4.367259265369831667e-01 8.085398628267800314e-01
0.000000000000000000e+00 4.314389226541699984e-01 8.012839609020143694e-01
0.000000000000000000e+00 4.260426134507331319e-01 7.942225521334557170e-01
0.000000000000000000e+00 4.205581122447495379e-01 7.873263986715699492e-01
0.000000000000000000e+00 4.150065348211669503e-01 7.805662585431194511e-01
0.000000000000000000e+00 4.094089969649339911e-01 7.739128897748666081e-01
0.000000000000000000e+00 4.037866144609991714e-01 7.673370503935751374e-01
0.000000000000000000e+00 3.981605030943111689e-01 7.608094984260075355e-01
0.000000000000000000e+00 3.925517786498176620e-01 7.543009918989262985e-01
0.000000000000000000e+00 3.869815569124674393e-01 7.477822888390941447e-01
0.000000000000000000e+00 3.814709536672087897e-01 7.412241472732743475e-01
0.000000000000000000e+00 3.760410846989902800e-01 7.345973252282291810e-01
0.000000000000000000e+00 3.707130657927605322e-01 7.278725807307223628e-01
0.000000000000000000e+00 3.655025351414945556e-01 7.210266901882440571e-01
0.000000000000000000e+00 3.603918634492987993e-01 7.140729819119153721e-01
0.000000000000000000e+00 3.553509300194894194e-01 7.070385088579501653e-01
0.000000000000000000e+00 3.503495918487004035e-01 6.999503484915255980e-01
0.000000000000000000e+00 3.453577059335657951e-01 6.928355782778184979e-01
0.000000000000000000e+00 3.403451292707199705e-01 6.857212756820069144e-01
0.000000000000000000e+00 3.352817188567969175e-01 6.786345181692677864e-01
0.000000000000000000e+00 3.301373316884312348e-01 6.716023832047791631e-01
0.000000000000000000e+00 3.248818247622565214e-01 6.646519482537173173e-01
0.000000000000000000e+00 3.194850550749070983e-01 6.578102907812602984e-01
0.000000000000000000e+00 3.139168796230173974e-01 6.511044882525853783e-01
0.000000000000000000e+00 3.081471554032217397e-01 6.445616181328703842e-01
0.000000000000000000e+00 3.021472647593928529e-01 6.382084013612648876e-01
0.000000000000000000e+00 2.959104464815011104e-01 6.320664502749634428e-01
0.000000000000000000e+00 2.894462831156745519e-01 6.261535571141361167e-01
0.000000000000000000e+00 2.827647507374707603e-01 6.204874221376129872e-01
0.000000000000000000e+00 2.758758254224477069e-01 6.150857456042239102e-01
0.000000000000000000e+00 2.687894832461624195e-01 6.099662277727978532e-01
0.000000000000000000e+00 2.615157002841728695e-01 6.051465689021651162e-01
0.000000000000000000e+00 2.540644526120366953e-01 6.006444692511551109e-01
0.000000000000000000e+00 2.464457163053118682e-01 5.964776290785979151e-01
0.000000000000000000e+00 2.386694823758188921e-01 5.926633801239050703e-01
0.000000000000000000e+00 2.307463704936657811e-01 5.892035433675383294e-01
0.000000000000000000e+00 2.226878458927612492e-01 5.860790773650335073e-01
0.000000000000000000e+00 2.145054333227418286e-01 5.832694722524021103e-01
0.000000000000000000e+00 2.062106575332429970e-01 5.807542181656559777e-01
0.000000000000000000e+00 1.978150432739017028e-01 5.785128052408061716e-01
0.000000000000000000e+00 1.893301152943528409e-01 5.765247236138644205e-01
0.000000000000000000e+00 1.807673983442343313e-01 5.747694634208423414e-01
0.000000000000000000e+00 1.721384171731805135e-01 5.732265147977511077e-01
0.000000000000000000e+00 1.634546965308296129e-01 5.718753678806031138e-01
0.000000000000000000e+00 1.547277611668166630e-01 5.706955128054091997e-01
0.000000000000000000e+00 1.459691358307770581e-01 5.696664397081808717e-01
0.000000000000000000e+00 1.371903452723487460e-01 5.687676387249297472e-01
0.000000000000000000e+00 1.284028598610015004e-01 5.679788909019917176e-01
0.000000000000000000e+00 1.196157412023512306e-01 5.672928631288730594e-01
0.000000000000000000e+00 1.108347397696883424e-01 5.667199354186430726e-01
0.000000000000000000e+00 1.020653654355560963e-01 5.662717748941401563e-01
0.000000000000000000e+00 9.331312807250047303e-02 5.659600486782024875e-01
0.000000000000000000e+00 8.458353755306480259e-02 5.657964238936686874e-01
0.000000000000000000e+00 7.588210374979234563e-02 5.657925676633769330e-01
0.000000000000000000e+00 6.721433653522912444e-02 5.659601471101657344e-01
0.000000000000000000e+00 5.858574578191753923e-02 5.663108293568734908e-01
0.000000000000000000e+00 5.000184136240352906e-02 5.668562815263382682e-01
0.000000000000000000e+00 4.146813314923044475e-02 5.676081707413987987e-01
0.000000000000000000e+00 3.298996453750712571e-02 5.685778900396516455e-01
0.000000000000000000e+00 2.455957897070021670e-02 5.697552649506106848e-01
0.000000000000000000e+00 1.614688950561772238e-02 5.710933566852851584e-01
0.000000000000000000e+00 7.719630375038874850e-03 5.725416392807616273e-01
0.000000000000000000e+00 -7.544641882597249126e-04 5.740495867741266522e-01
0.000000000000000000e+00 -9.307659951501458598e-03 5.755666732024670162e-01
0.000000000000000000e+00 -1.797222268190710320e-02 5.770423726028689471e-01
0.000000000000000000e+00 -2.678041814670002393e-02 5.784261590124188945e-01
0.000000000000000000e+00 -3.576398249036311788e-02 5.796681515161682396e-01
0.000000000000000000e+00 -4.490666661804128962e-02 5.807769122730331857e-01
0.000000000000000000e+00 -5.410663119891134104e-02 5.818652470916941821e-01
0.000000000000000000e+00 -6.325318736383199469e-02 5.830567399748874946e-01
0.000000000000000000e+00 -7.223564624366474174e-02 5.844749749253492777e-01
0.000000000000000000e+00 -8.094331896927106640e-02 5.862435359458161299e-01
0.000000000000000000e+00 -8.926551667150980918e-02 5.884860070390245390e-01
0.000000000000000000e+00 -9.709155048124237797e-02 5.913259722077103264e-01
0.000000000000000000e+00 -1.043107315293301390e-01 5.948870154546106459e-01
0.000000000000000000e+00 -1.108134727846704221e-01 5.992915081482697026e-01
0.000000000000000000e+00 -1.165634203428509708e-01 6.045812245183783684e-01
0.000000000000000000e+00 -1.216420285301508808e-01 6.106682842686348422e-01
0.000000000000000000e+00 -1.261414051112210444e-01 6.174530823998564122e-01
0.000000000000000000e+00 -1.301536578507120068e-01 6.248360139128603663e-01
0.000000000000000000e+00 -1.337708945132731475e-01 6.327174738084619943e-01
0.000000000000000000e+00 -1.370852228635554004e-01 6.409978570874796944e-01
0.000000000000000000e+00 -1.401887506662082838e-01 6.495775587507282012e-01
0.000000000000000000e+00 -1.431735856858822598e-01 6.583569737990250248e-01
0.000000000000000000e+00 -1.461318356872279844e-01 6.672364972331883415e-01
0.000000000000000000e+00 -1.491556084348948652e-01 6.761165240540319976e-01
0.000000000000000000e+00 -1.523370116935334750e-01 6.848974492623742805e-01
0.000000000000000000e+00 -1.557681532277943315e-01 6.934796678590327002e-01
0.000000000000000000e+00 -1.595411265077906759e-01 7.017635888582510750e-01
0.000000000000000000e+00 -1.637139670860692786e-01 7.096830094307247094e-01
0.000000000000000000e+00 -1.682376663984452292e-01 7.172766658030632625e-01
0.000000000000000000e+00 -1.730422397644540977e-01 7.246038578153386478e-01
0.000000000000000000e+00 -1.780577025036312044e-01 7.317238853076213356e-01
0.000000000000000000e+00 -1.832140699355104541e-01 7.386960481199803530e-01
0.000000000000000000e+00 -1.884413573796278607e-01 7.455796460924873914e-01
0.000000000000000000e+00 -1.936695801555172458e-01 7.524339790652110338e-01
0.000000000000000000e+00 -1.988287535827140684e-01 7.593183468782221945e-01
0.000000000000000000e+00 -2.038488929807537597e-01 7.662920493715922321e-01
0.000000000000000000e+00 -2.086600136691702245e-01 7.734143863853897294e-01
0.000000000000000000e+00 -2.131927923916643319e-01 7.807441343560718172e-01
0.000000000000000000e+00 -2.174337186859076898e-01 7.882959034806578114e-01
0.000000000000000000e+00 -2.214666154882276305e-01 7.960072812901316519e-01
0.000000000000000000e+00 -2.253850852180808995e-01 8.038081165344105328e-01
0.000000000000000000e+00 -2.292827302949226043e-01 8.116282579634094274e-01
0.000000000000000000e+00 -2.332531531382091017e-01 8.193975543270454187e-01
0.000000000000000000e+00 -2.373899561673964986e-01 8.270458543752349234e-01
0.000000000000000000e+00 -2.417867418019400971e-01 8.345030068578934701e-01
0.000000000000000000e+00 -2.465371079911328756e-01 8.416988640268403543e-01
0.000000000000000000e+00 -2.516987352360186003e-01 8.485914156718041834e-01
0.000000000000000000e+00 -2.572065294200690522e-01 8.552348325648805316e-01
0.000000000000000000e+00 -2.629691854510883275e-01 8.617038190170860368e-01
0.000000000000000000e+00 -2.688953982368788020e-01 8.680730793394355604e-01
0.000000000000000000e+00 -2.748938626852445166e-01 8.744173178429456295e-01
0.000000000000000000e+00 -2.808732737039897343e-01 8.808112388386332148e-01
0.000000000000000000e+00 -2.867428576894054948e-01 8.873290195502097077e-01
0.000000000000000000e+00 -2.924693860790343325e-01 8.939877686829866832e-01
0.000000000000000000e+00 -2.981279258000179011e-01 9.006971962332438464e-01
0.000000000000000000e+00 -3.038055158458434213e-01 9.073551392700103246e-01
0.000000000000000000e+00 -3.095891952099982802e-01 9.138594348623156893e-01
0.000000000000000000e+00 -3.155660028859678667e-01 9.201079200791869583e-01
0.000000000000000000e+00 -3.218229778672396235e-01 9.259984319896539251e-01
0.000000000000000000e+00 -3.284465271330799796e-01 9.314295250611741572e-01
0.000000000000000000e+00 -3.354714389796376595e-01 9.363583460538291714e-01
0.000000000000000000e+00 -3.428434288737034485e-01 9.408431481676137187e-01
0.000000000000000000e+00 -3.504993831655009995e-01 9.449522065199756904e-01
0.000000000000000000e+00 -3.583761882052564074e-01 9.487537962283654203e-01
0.000000000000000000e+00 -3.664107303431954898e-01 9.523161924102316878e-01
0.000000000000000000e+00 -3.745398959295421770e-01 9.557076701830241605e-01
0.000000000000000000e+00 -3.827005713145229526e-01 9.589965046641917290e-01
0.000000000000000000e+00 -3.908383073129813590e-01 9.622416918891969484e-01
0.000000000000000000e+00 -3.989495307972462101e-01 9.654477429219274764e-01
0.000000000000000000e+00 -4.070491788249440135e-01 9.685993456133535906e-01
0.000000000000000000e+00 -4.151522149717730148e-01 9.716811594153024201e-01
0.000000000000000000e+00 -4.232736028134332917e-01 9.746778437795997618e-01
0.000000000000000000e+00 -4.314283059256254216e-01 9.775740581580728561e-01
0.000000000000000000e+00 -4.396312878840473726e-01 9.803544620025479439e-01
0.000000000000000000e+00 -4.478969004654188568e-01 9.830038555634742492e-01
0.000000000000000000e+00 -4.562284983057820487e-01 9.855095699589593305e-01
0.000000000000000000e+00 -4.646199162741129762e-01 9.878611271739297095e-01
0.000000000000000000e+00 -4.730646748442076110e-01 9.900481215478095232e-01
0.000000000000000000e+00 -4.815562944898597597e-01 9.920601474200222425e-01
0.000000000000000000e+00 -4.900882956848665595e-01 9.938867991299926707e-01
0.000000000000000000e+00 -4.986541989030215394e-01 9.955176710171442789e-01
0.000000000000000000e+00 -5.072475246181210595e-01 9.969423574209015371e-01
0.000000000000000000e+00 -5.158617933039612025e-01 9.981504526806883604e-01
0.000000000000000000e+00 -5.244905254343357193e-01 9.991315511359286639e-01
0.000000000000000000e+00 -5.331272414830408035e-01 9.998752471260465846e-01
0.000000000000000000e+00 -5.417662255612238908e-01 1.000372341980997115e+00
0.000000000000000000e+00 -5.504075808355307631e-01 1.000622834518096527e+00
0.000000000000000000e+00 -5.590540888001559461e-01 1.000630956867739174e+00
0.000000000000000000e+00 -5.677085451626188162e-01 1.000400963625632800e+00
0.000000000000000000e+00 -5.763737456304408591e-01 9.999371093874842575e-01
0.000000000000000000e+00 -5.850524859111442266e-01 9.992436487490017338e-01
0.000000000000000000e+00 -5.937475617122478511e-01 9.983248363058919717e-01
0.000000000000000000e+00 -6.024617687412736622e-01 9.971849266538632683e-01
0.000000000000000000e+00 -6.111976038816330226e-01 9.958279267716824146e-01
0.000000000000000000e+00 -6.199401525656967893e-01 9.942434158524013910e-01
0.000000000000000000e+00 -6.286478061838838283e-01 9.923988533980497850e-01
0.000000000000000000e+00 -6.372766938527778535e-01 9.902598243051471405e-01
0.000000000000000000e+00 -6.457829446889633562e-01 9.877919134702096704e-01
0.000000000000000000e+00 -6.541226878090263819e-01 9.849607057897562523e-01
0.000000000000000000e+00 -6.622520523295497563e-01 9.817317861603047646e-01
0.000000000000000000e+00 -6.701271673671193030e-01 9.780707394783727526e-01
0.000000000000000000e+00 -6.777041620383182918e-01 9.739431506404787608e-01
0.000000000000000000e+00 -6.849391654597322132e-01 9.693146045431405566e-01
0.000000000000000000e+00 -6.917906272264910950e-01 9.641534138676988164e-01
0.000000000000000000e+00 -6.982709574091641169e-01 9.584913232829697094e-01
0.000000000000000000e+00 -7.044468560824554970e-01 9.524238968150623430e-01
0.000000000000000000e+00 -7.103874097061163573e-01 9.460495037497728132e-01
0.000000000000000000e+00 -7.161617047398969316e-01 9.394665133729002138e-01
0.000000000000000000e+00 -7.218388276435497852e-01 9.327732949702403076e-01
0.000000000000000000e+00 -7.274878647762988981e-01 9.260682176792831566e-01
0.000000000000000000e+00 -7.331637942766318083e-01 9.194288362701100725e-01
0.000000000000000000e+00 -7.388683857851744419e-01 9.128542050949214337e-01
0.000000000000000000e+00 -7.445908673549578305e-01 9.063248754489529047e-01
0.000000000000000000e+00 -7.503204670390154485e-01 8.998213986274383736e-01
0.000000000000000000e+00 -7.560464128903795489e-01 8.933243259256153923e-01
0.000000000000000000e+00 -7.617579329620827178e-01 8.868142086387182932e-01
0.000000000000000000e+00 -7.674442553071584294e-01 8.802715980619817415e-01
0.000000000000000000e+00 -7.730946079786378267e-01 8.736770454906422900e-01
0.000000000000000000e+00 -7.786973952429396828e-01 8.670113593845700795e-01
0.000000000000000000e+00 -7.842273430945865265e-01 8.602596182023763971e-01
0.000000000000000000e+00 -7.896479106070963816e-01 8.534104176407326658e-01
0.000000000000000000e+00 -7.949222210308556358e-01 8.464524582315068324e-01
0.000000000000000000e+00 -8.000133976162479010e-01 8.393744405065701741e-01
0.000000000000000000e+00 -8.048845636136586768e-01 8.321650649977914149e-01
0.000000000000000000e+00 -8.094988422734734623e-01 8.248130322370391676e-01
0.000000000000000000e+00 -8.138193568460765359e-01 8.173070427561849316e-01
0.000000000000000000e+00 -8.178094794203902840e-01 8.096359053134833950e-01
0.000000000000000000e+00 -8.214551779302202705e-01 8.017982561910069750e-01
0.000000000000000000e+00 -8.247827521314544663e-01 7.938102730349148040e-01
0.000000000000000000e+00 -8.278226755337476650e-01 7.856899487660209402e-01
0.000000000000000000e+00 -8.306054216467545492e-01 7.774552763051429949e-01
0.000000000000000000e+00 -8.331614639801298017e-01 7.691242485730950262e-01
0.000000000000000000e+00 -8.355212760435286601e-01 7.607148584906918698e-01
0.000000000000000000e+00 -8.377153313466054740e-01 7.522450989787504705e-01
0.000000000000000000e+00 -8.397741033990153703e-01 7.437329629580842205e-01
0.000000000000000000e+00 -8.417280657104125874e-01 7.351964433495106199e-01
0.000000000000000000e+00 -8.436036409149005877e-01 7.266513269461244429e-01
0.000000000000000000e+00 -8.454051462924762061e-01 7.181013618511574714e-01
0.000000000000000000e+00 -8.471293962259554000e-01 7.095462100513403314e-01
0.000000000000000000e+00 -8.487731989843338987e-01 7.009855302037828473e-01
0.000000000000000000e+00 -8.503333628366060992e-01 6.924189809655940664e-01
0.000000000000000000e+00 -8.518066960517676200e-01 6.838462209938865888e-01
0.000000000000000000e+00 -8.531900068988137464e-01 6.752669089457692397e-01
0.000000000000000000e+00 -8.544801036467394306e-01 6.666807034783541752e-01
0.000000000000000000e+00 -8.556737945645399579e-01 6.580872632487505536e-01
0.000000000000000000e+00 -8.567678879212109466e-01 6.494862469140685324e-01
0.000000000000000000e+00 -8.577591919857466829e-01 6.408773131314199345e-01
0.000000000000000000e+00 -8.586445150271433402e-01 6.322601205579138073e-01
0.000000000000000000e+00 -8.594206653143954266e-01 6.236343278506620846e-01
0.000000000000000000e+00 -8.600844511164984496e-01 6.149995936667744800e-01
0.000000000000000000e+00 -8.606336532645976201e-01 6.063556438370747426e-01
0.000000000000000000e+00 -8.610755489938146656e-01 5.977028600977472017e-01
0.000000000000000000e+00 -8.614227798034556072e-01 5.890419946883380664e-01
0.000000000000000000e+00 -8.616880478359947304e-01 5.803738040369449402e-01
0.000000000000000000e+00 -8.618840552339073202e-01 5.716990445716683134e-01
0.000000000000000000e+00 -8.620235041396682174e-01 5.630184727206050121e-01
0.000000000000000000e+00 -8.621190966957522628e-01 5.543328449118556378e-01
0.000000000000000000e+00 -8.621835350446338531e-01 5.456429175735176829e-01
0.000000000000000000e+00 -8.622295213287884952e-01 5.369494471336893060e-01
0.000000000000000000e+00 -8.622697576906903638e-01 5.282531900204705533e-01
0.000000000000000000e+00 -8.623169462728149659e-01 5.195549026619586952e-01
0.000000000000000000e+00 -8.623837892176368092e-01 5.108553414862537778e-01
0.000000000000000000e+00 -8.624829886676306234e-01 5.021552629214538488e-01
0.000000000000000000e+00 -8.626263375313824033e-01 4.934554219063326252e-01
0.000000000000000000e+00 -8.628081916621119785e-01 4.847565448177894587e-01
0.000000000000000000e+00 -8.630072065319176478e-01 4.760593323155150602e-01
0.000000000000000000e+00 -8.632014769127255294e-01 4.673644841407737505e-01
0.000000000000000000e+00 -8.633690975764618525e-01 4.586727000348322925e-01
0.000000000000000000e+00 -8.634881632950529573e-01 4.499846797389541742e-01
0.000000000000000000e+00 -8.635367688404254061e-01 4.413011229944063252e-01
0.000000000000000000e+00 -8.634930089845054280e-01 4.326227295424530661e-01
0.000000000000000000e+00 -8.633349784992192522e-01 4.239501991243586065e-01
0.000000000000000000e+00 -8.630407721564934409e-01 4.152842314813899871e-01
0.000000000000000000e+00 -8.625884847282544454e-01 4.066255263548106957e-01
0.000000000000000000e+00 -8.619645668925804971e-01 3.979744160673091002e-01
0.000000000000000000e+00 -8.611984329996491550e-01 3.893293437806553126e-01
0.000000000000000000e+00 -8.603332673274962650e-01 3.806881471774259396e-01
0.000000000000000000e+00 -8.594122604394359710e-01 3.720486636638290490e-01
0.000000000000000000e+00 -8.584786028987826390e-01 3.634087306460706546e-01
0.000000000000000000e+00 -8.575754852688500796e-01 3.547661855303562706e-01
0.000000000000000000e+00 -8.567460981129531028e-01 3.461188657228945198e-01
0.000000000000000000e+00 -8.560336319944057415e-01 3.374646086298902503e-01
0.000000000000000000e+00 -8.554804503783040026e-01 3.288012950487824160e-01
0.000000000000000000e+00 -8.550928402915131121e-01 3.201286984192824314e-01
0.000000000000000000e+00 -8.548278192558095290e-01 3.114491769581130276e-01
0.000000000000000000e+00 -8.546388584740518546e-01 3.027652749289995726e-01
0.000000000000000000e+00 -8.544794291490993565e-01 2.940795365956649365e-01
0.000000000000000000e+00 -8.543030024838109693e-01 2.853945062218317674e-01
0.000000000000000000e+00 -8.540630496810458494e-01 2.767127280712255444e-01
0.000000000000000000e+00 -8.537130419436624873e-01 2.680367464075681383e-01
0.000000000000000000e+00 -8.532068380307927802e-01 2.593690859234720758e-01
0.000000000000000000e+00 -8.525276143051523370e-01 2.507107908088049841e-01
0.000000000000000000e+00 -8.517078689066370778e-01 2.420604145646512162e-01
0.000000000000000000e+00 -8.507848309418797328e-01 2.334162717841256063e-01
0.000000000000000000e+00 -8.497957295175135872e-01 2.247766770603393249e-01
0.000000000000000000e+00 -8.487777937401708162e-01 2.161399449864071232e-01
0.000000000000000000e+00 -8.477682527164840387e-01 2.075043901554410319e-01
0.000000000000000000e+00 -8.468043355530864291e-01 1.988683271605532488e-01
0.000000000000000000e+00 -8.459232713566100514e-01 1.902300705948584136e-01
0.000000000000000000e+00 -8.451622892336878579e-01 1.815879350514685853e-01
0.000000000000000000e+00 -8.445586182909524675e-01 1.729402351234959334e-01
0.000000000000000000e+00 -8.441494127683002446e-01 1.642852905961098009e-01
0.000000000000000000e+00 -8.439567370407834446e-01 1.556224677459558670e-01
0.000000000000000000e+00 -8.439693641099386134e-01 1.469534416270712740e-01
0.000000000000000000e+00 -8.441716201555059529e-01 1.382801956833382973e-01
0.000000000000000000e+00 -8.445478313572273299e-01 1.296047133586393507e-01
0.000000000000000000e+00 -8.450823238948430571e-01 1.209289780968592770e-01
0.000000000000000000e+00 -8.457594239480944465e-01 1.122549733418795187e-01
0.000000000000000000e+00 -8.465634576967218106e-01 1.035846825375849878e-01
0.000000000000000000e+00 -8.474787513204664613e-01 9.492008912785800112e-02
0.000000000000000000e+00 -8.484896309990691554e-01 8.626317655658080619e-02
0.000000000000000000e+00 -8.495804229122707607e-01 7.761592826763841213e-02
0.000000000000000000e+00 -8.507354532398123670e-01 6.898032770491310806e-02
0.000000000000000000e+00 -8.519399406817185216e-01 6.035819368480898478e-02
0.000000000000000000e+00 -8.531882124594382111e-01 5.174966493540479606e-02
0.000000000000000000e+00 -8.544799217013818726e-01 4.315389780863519709e-02
0.000000000000000000e+00 -8.558147885489001405e-01 3.457003629574294246e-02
0.000000000000000000e+00 -8.571925331433434270e-01 2.599722438796811183e-02
0.000000000000000000e+00 -8.586128756260635875e-01 1.743460607655082997e-02
0.000000000000000000e+00 -8.600755361384102571e-01 8.881325352733797709e-03
0.000000000000000000e+00 -8.615802348217352913e-01 3.365262077562750434e-04
0.000000000000000000e+00 -8.631266918173891023e-01 -8.200647367139036331e-03
0.000000000000000000e+00 -8.647146272667223244e-01 -1.673105138071201425e-02
0.000000000000000000e+00 -8.663437613110862578e-01 -2.525554184172256952e-02
0.000000000000000000e+00 -8.680138140918313150e-01 -3.377497475892796142e-02
0.000000000000000000e+00 -8.697245057503083521e-01 -4.229020614108808945e-02
0.000000000000000000e+00 -8.714755564278687805e-01 -5.080209199696286010e-02
0.000000000000000000e+00 -8.732666862658626794e-01 -5.931148833530953263e-02
0.000000000000000000e+00 -8.750985443873120495e-01 -6.781883917581001120e-02
0.000000000000000000e+00 -8.769857835458656492e-01 -7.631837814339846593e-02
0.000000000000000000e+00 -8.789538896021698022e-01 -8.479953454672090052e-02
0.000000000000000000e+00 -8.810286301655606556e-01 -9.325161274321377980e-02
0.000000000000000000e+00 -8.832357728453744672e-01 -1.016639170903110290e-01
0.000000000000000000e+00 -8.856010852509477171e-01 -1.100257519454491129e-01
0.000000000000000000e+00 -8.881503349916168855e-01 -1.183264216660644824e-01
0.000000000000000000e+00 -8.909092896767176750e-01 -1.265552306095910906e-01
0.000000000000000000e+00 -8.939037169155872320e-01 -1.347014831334662488e-01
0.000000000000000000e+00 -8.971509608012334658e-01 -1.427575150672899806e-01
0.000000000000000000e+00 -9.006006002062124649e-01 -1.507400497258493954e-01
0.000000000000000000e+00 -9.041695427864085977e-01 -1.586775682077504190e-01
0.000000000000000000e+00 -9.077744858903279424e-01 -1.665986272974427085e-01
0.000000000000000000e+00 -9.113321268664779096e-01 -1.745317837793792237e-01
0.000000000000000000e+00 -9.147591630633645776e-01 -1.825055944380097328e-01
0.000000000000000000e+00 -9.179722918294948020e-01 -1.905486160577862242e-01
0.000000000000000000e+00 -9.208894435273181633e-01 -1.986889898604774218e-01
0.000000000000000000e+00 -9.234822338488174465e-01 -2.069367635014634776e-01
0.000000000000000000e+00 -9.257955406242358576e-01 -2.152772930979805488e-01
0.000000000000000000e+00 -9.278795090849047966e-01 -2.236941594950981049e-01
0.000000000000000000e+00 -9.297842844621547753e-01 -2.321709435378832564e-01
0.000000000000000000e+00 -9.315600119873174156e-01 -2.406912260714063889e-01
0.000000000000000000e+00 -9.332568368917233403e-01 -2.492385879407345017e-01
0.000000000000000000e+00 -9.349249044067041714e-01 -2.577966099909371755e-01
0.000000000000000000e+00 -9.366143597635909757e-01 -2.663488730670840465e-01
0.000000000000000000e+00 -9.383753481937144869e-01 -2.748789580142421141e-01
0.000000000000000000e+00 -9.402580149284063271e-01 -2.833704456774817637e-01
0.000000000000000000e+00 -9.423048302084110484e-01 -2.918095171701149959e-01
0.000000000000000000e+00 -9.445179887546255593e-01 -3.001959988541552660e-01
0.000000000000000000e+00 -9.468865196095750392e-01 -3.085341775916014551e-01
0.000000000000000000e+00 -9.493994443712255871e-01 -3.168283427666478969e-01
0.000000000000000000e+00 -9.520457846375438571e-01 -3.250827837634912565e-01
0.000000000000000000e+00 -9.548145620064968364e-01 -3.333017899663286987e-01
0.000000000000000000e+00 -9.576947980760504020e-01 -3.414896507593545016e-01
0.000000000000000000e+00 -9.606755144441722072e-01 -3.496506555267665517e-01
0.000000000000000000e+00 -9.637457327088276848e-01 -3.577890936527590160e-01
0.000000000000000000e+00 -9.668944744679838221e-01 -3.659092545215288927e-01
0.000000000000000000e+00 -9.701107613196074952e-01 -3.740154275172731246e-01
0.000000000000000000e+00 -9.733836148616650252e-01 -3.821119020241861008e-01
0.000000000000000000e+00 -9.767020566921227331e-01 -3.902029674264647086e-01
0.000000000000000000e+00 -9.800469614667197682e-01 -3.982940844977496120e-01
0.000000000000000000e+00 -9.833528827598089217e-01 -4.063973741823577179e-01
0.000000000000000000e+00 -9.865380252458165744e-01 -4.145273081137711979e-01
0.000000000000000000e+00 -9.895205750216284901e-01 -4.226983605965968782e-01
0.000000000000000000e+00 -9.922187181841315429e-01 -4.309250059354442497e-01
0.000000000000000000e+00 -9.945506408302136059e-01 -4.392217184349234693e-01
0.000000000000000000e+00 -9.964388436041403674e-01 -4.476022146612835817e-01
0.000000000000000000e+00 -9.978783675437363776e-01 -4.560674713418456649e-01
0.000000000000000000e+00 -9.989244818842356599e-01 -4.646078876829561333e-01
0.000000000000000000e+00 -9.996342812320792026e-01 -4.732135423118483675e-01
0.000000000000000000e+00 -1.000064860193707661e+00 -4.818745138557561369e-01
0.000000000000000000e+00 -1.000273313375561468e+00 -4.905808809419103245e-01
0.000000000000000000e+00 -1.000316735384082278e+00 -4.993227221975450325e-01
0.000000000000000000e+00 -1.000252220825710081e+00 -5.080901162498936419e-01
0.000000000000000000e+00 -1.000136864306885753e+00 -5.168731417261872574e-01
0.000000000000000000e+00 -1.000027760434050395e+00 -5.256618772536606476e-01
0.000000000000000000e+00 -9.999820038136443268e-01 -5.344464014595444734e-01
0.000000000000000000e+00 -1.000054564894176767e+00 -5.432170383608886377e-01
0.000000000000000000e+00 -1.000253800051332576e+00 -5.519694969880518665e-01
0.000000000000000000e+00 -1.000542663903482232e+00 -5.607047313339665884e-01
0.000000000000000000e+00 -1.000882229426947267e+00 -5.694239127651391508e-01
0.000000000000000000e+00 -1.001233569598047879e+00 -5.781282126480726813e-01
0.000000000000000000e+00 -1.001557757393106929e+00 -5.868188023492730832e-01
0.000000000000000000e+00 -1.001815865788445059e+00 -5.954968532352460375e-01
0.000000000000000000e+00 -1.001968967760383578e+00 -6.041635366724946721e-01
0.000000000000000000e+00 -1.001978136285244458e+00 -6.128200240275246680e-01
0.000000000000000000e+00 -1.001804444339348787e+00 -6.214674866668418174e-01
0.000000000000000000e+00 -1.001408964899017873e+00 -6.301070959569493590e-01
0.000000000000000000e+00 -1.000752770940572578e+00 -6.387400232643535292e-01
0.000000000000000000e+00 -9.997969740698833263e-01 -6.473674129838072888e-01
0.000000000000000000e+00 -9.985124418589633732e-01 -6.559835977429004927e-01
0.000000000000000000e+00 -9.968926335144873141e-01 -6.645671363388416797e-01
0.000000000000000000e+00 -9.949341970922092049e-01 -6.730943610648557618e-01
0.000000000000000000e+00 -9.926337806478826575e-01 -6.815416042141719810e-01
0.000000000000000000e+00 -9.899880322372610619e-01 -6.898851980800153605e-01
0.000000000000000000e+00 -9.869935999160986961e-01 -6.981014749556141430e-01
0.000000000000000000e+00 -9.836471317401488390e-01 -7.061667671341961272e-01
0.000000000000000000e+00 -9.799452757651655466e-01 -7.140574069089867804e-01
0.000000000000000000e+00 -9.758849825924434951e-01 -7.217499894833590002e-01
0.000000000000000000e+00 -9.714890873245697334e-01 -7.292436035271868677e-01
0.000000000000000000e+00 -9.668257660180927804e-01 -7.365767387100947694e-01
0.000000000000000000e+00 -9.619677761440167396e-01 -7.437918659216479211e-01
0.000000000000000000e+00 -9.569878751733470468e-01 -7.509314560514073200e-01
0.000000000000000000e+00 -9.519588205770885825e-01 -7.580379799889376269e-01
0.000000000000000000e+00 -9.469533698262452281e-01 -7.651539086238026144e-01
0.000000000000000000e+00 -9.420442803918227526e-01 -7.723217128455639457e-01
0.000000000000000000e+00 -9.373043097448257033e-01 -7.795838635437859487e-01
0.000000000000000000e+00 -9.328062153562580727e-01 -7.869828316080320629e-01
0.000000000000000000e+00 -9.286201630432681098e-01 -7.945588274743964341e-01
0.000000000000000000e+00 -9.247834088781874406e-01 -8.023233575348105440e-01
0.000000000000000000e+00 -9.213105766637802452e-01 -8.102681882023912152e-01
0.000000000000000000e+00 -9.182158447919144262e-01 -8.183846974006466768e-01
0.000000000000000000e+00 -9.155133916544597739e-01 -8.266642630530860458e-01
0.000000000000000000e+00 -9.132173956432853013e-01 -8.350982630832149978e-01
0.000000000000000000e+00 -9.113420351502591332e-01 -8.436780754145420946e-01
0.000000000000000000e+00 -9.099014885672513930e-01 -8.523950779705741221e-01
0.000000000000000000e+00 -9.089099342861305386e-01 -8.612406486748189760e-01
0.000000000000000000e+00 -9.083815506987655830e-01 -8.702061654507851074e-01
0.000000000000000000e+00 -9.083001519972105919e-01 -8.792747344256942599e-01
0.000000000000000000e+00 -9.084990868733840985e-01 -8.883884720095230891e-01
0.000000000000000000e+00 -9.087651825255846916e-01 -8.974768212561106129e-01
0.000000000000000000e+00 -9.088852524839412528e-01 -9.064692214958198768e-01
0.000000000000000000e+00 -9.086461102785821087e-01 -9.152951120590171463e-01
0.000000000000000000e+00 -9.078345694396351417e-01 -9.238839322760649120e-01
0.000000000000000000e+00 -9.062374434972292336e-01 -9.321651214773285510e-01
0.000000000000000000e+00 -9.036415459814922668e-01 -9.400681189931734405e-01
0.000000000000000000e+00 -8.998380657164469776e-01 -9.475223780294532716e-01
0.000000000000000000e+00 -8.947953260977629109e-01 -9.544579135438215900e-01
0.000000000000000000e+00 -8.887159152895526271e-01 -9.608054834243068276e-01
0.000000000000000000e+00 -8.818185034175504144e-01 -9.664958965601114782e-01
0.000000000000000000e+00 -8.743217606074912274e-01 -9.714599618404390347e-01
0.000000000000000000e+00 -8.664428146283971177e-01 -9.756300792036347591e-01
0.000000000000000000e+00 -8.583281812153022994e-01 -9.790114898544081123e-01
0.000000000000000000e+00 -8.500259606054970662e-01 -9.817109574870573896e-01
0.000000000000000000e+00 -8.415769571385915970e-01 -9.838427720261353482e-01
0.000000000000000000e+00 -8.330219751541921847e-01 -9.855212233961951895e-01
0.000000000000000000e+00 -8.244018189919084527e-01 -9.868606015217891159e-01
0.000000000000000000e+00 -8.157572929913481374e-01 -9.879751963274703286e-01
0.000000000000000000e+00 -8.071292002946592881e-01 -9.889792954535963077e-01
0.000000000000000000e+00 -7.985472996701817872e-01 -9.899661190039223957e-01
0.000000000000000000e+00 -7.900033180616379269e-01 -9.909563400215195550e-01
0.000000000000000000e+00 -7.814808021935519822e-01 -9.919550274898429887e-01
0.000000000000000000e+00 -7.729632987904511143e-01 -9.929672503923477889e-01
0.000000000000000000e+00 -7.644343545768580439e-01 -9.939980777124883815e-01
0.000000000000000000e+00 -7.558775162772998213e-01 -9.950525784337205248e-01
0.000000000000000000e+00 -7.472763306163006103e-01 -9.961358215394988669e-01
0.000000000000000000e+00 -7.386143443183844637e-01 -9.972528760132783887e-01
0.000000000000000000e+00 -7.298751041080786539e-01 -9.984088108385144045e-01
0.000000000000000000e+00 -7.210421567099056794e-01 -9.996086949986614512e-01
0.000000000000000000e+00 -7.121049870578679553e-01 -1.000845315969595584e+00
0.000000000000000000e+00 -7.031183529774200913e-01 -1.001976462703747073e+00
0.000000000000000000e+00 -6.941774051077344021e-01 -1.002776383037343066e+00
0.000000000000000000e+00 -6.853778941310290085e-01 -1.003018083787207804e+00
0.000000000000000000e+00 -6.768155707295193668e-01 -1.002474571770165745e+00
0.000000000000000000e+00 -6.685861855854213776e-01 -1.000918853803042019e+00
0.000000000000000000e+00 -6.607813660108295961e-01 -9.981391092286129307e-01
0.000000000000000000e+00 -6.534343979789380974e-01 -9.941381926315432382e-01
0.000000000000000000e+00 -6.465353132456599372e-01 -9.890781186317878504e-01
0.000000000000000000e+00 -6.400731225617454223e-01 -9.831246587827902061e-01
0.000000000000000000e+00 -6.340368366779447484e-01 -9.764435846379921902e-01
0.000000000000000000e+00 -6.284154663450105538e-01 -9.692006677508400170e-01
0.000000000000000000e+00 -6.231980223136919239e-01 -9.615616796747741279e-01
0.000000000000000000e+00 -6.183735153347416080e-01 -9.536923919632406266e-01
0.000000000000000000e+00 -6.139310406717041202e-01 -9.457443602993942378e-01
0.000000000000000000e+00 -6.098603377442685103e-01 -9.377607870660887857e-01
0.000000000000000000e+00 -6.061514425178160526e-01 -9.297349927897401445e-01
0.000000000000000000e+00 -6.027943925328347330e-01 -9.216600330483910586e-01
0.000000000000000000e+00 -5.997792253298124265e-01 -9.135289634200838282e-01
0.000000000000000000e+00 -5.970959784492378963e-01 -9.053348394828631962e-01
0.000000000000000000e+00 -5.947346894315989063e-01 -8.970707168147709076e-01
0.000000000000000000e+00 -5.926853958173841086e-01 -8.887296509938517053e-01
0.000000000000000000e+00 -5.909381351470812671e-01 -8.803046975981480005e-01
0.000000000000000000e+00 -5.894830695495532069e-01 -8.717890804481004396e-01
0.000000000000000000e+00 -5.883185031918716223e-01 -8.631870182586417473e-01
0.000000000000000000e+00 -5.874557594775274838e-01 -8.545203107394244713e-01
0.000000000000000000e+00 -5.869073297219589147e-01 -8.458123347320575247e-01
0.000000000000000000e+00 -5.866857052406035944e-01 -8.370864670781481554e-01
0.000000000000000000e+00 -5.868033773488996463e-01 -8.283660846193030558e-01
0.000000000000000000e+00 -5.872728373622851938e-01 -8.196745641971315832e-01
0.000000000000000000e+00 -5.881043388949026562e-01 -8.110343524807210880e-01
0.000000000000000000e+00 -5.892606634444660374e-01 -8.024481628270081490e-01
0.000000000000000000e+00 -5.906592391688635368e-01 -7.938998560184279407e-01
0.000000000000000000e+00 -5.922156805569597227e-01 -7.853725389275448832e-01
0.000000000000000000e+00 -5.938456020976189409e-01 -7.768493184269275043e-01
0.000000000000000000e+00 -5.954646182797057596e-01 -7.683133013891411123e-01
0.000000000000000000e+00 -5.969883435920850800e-01 -7.597475946867515706e-01
0.000000000000000000e+00 -5.983323925236208041e-01 -7.511353051923268520e-01
0.000000000000000000e+00 -5.994139105586298033e-01 -7.424599097370990775e-01
0.000000000000000000e+00 -6.002398143059680669e-01 -7.337265779702014656e-01
0.000000000000000000e+00 -6.009549777762009937e-01 -7.249738163716128447e-01
0.000000000000000000e+00 -6.017160045294992488e-01 -7.162429658180586856e-01
0.000000000000000000e+00 -6.026794981260342743e-01 -7.075753671862675676e-01
0.000000000000000000e+00 -6.040020621259768463e-01 -6.990123613529658497e-01
0.000000000000000000e+00 -6.058403000894984070e-01 -6.905952891948798911e-01
0.000000000000000000e+00 -6.083508119097325029e-01 -6.823654906298893819e-01
0.000000000000000000e+00 -6.116017548032749440e-01 -6.743411797695436638e-01
0.000000000000000000e+00 -6.153435399887355883e-01 -6.664574871655334354e-01
0.000000000000000000e+00 -6.192552479391469911e-01 -6.586308919551857599e-01
0.000000000000000000e+00 -6.230159591275415965e-01 -6.507778732758270346e-01
0.000000000000000000e+00 -6.263047540269511826e-01 -6.428149102647864321e-01
0.000000000000000000e+00 -6.288556004578362835e-01 -6.346713992556202166e-01
0.000000000000000000e+00 -6.306930047074180701e-01 -6.263451119463938621e-01
0.000000000000000000e+00 -6.319372456606592303e-01 -6.178563591720878101e-01
0.000000000000000000e+00 -6.327086612117795994e-01 -6.092254656549261904e-01
0.000000000000000000e+00 -6.331275892550002338e-01 -6.004727561171370187e-01
0.000000000000000000e+00 -6.333143676845403025e-01 -5.916185552809448689e-01
0.000000000000000000e+00 -6.333893343946201959e-01 -5.826831878685748700e-01
0.000000000000000000e+00 -6.334721299120499305e-01 -5.736871344079446100e-01
0.000000000000000000e+00 -6.335625506386245442e-01 -5.646776509778391739e-01
0.000000000000000000e+00 -6.334055982798222351e-01 -5.557589198380525897e-01
0.000000000000000000e+00 -6.327136700774061984e-01 -5.470424077312560085e-01
0.000000000000000000e+00 -6.311991632731388524e-01 -5.386395814001196936e-01
0.000000000000000000e+00 -6.285745533895656934e-01 -5.306618782159503445e-01
0.000000000000000000e+00 -6.246879784261492041e-01 -5.231698342654095280e-01
0.000000000000000000e+00 -6.198017764753909198e-01 -5.160685755518880091e-01
0.000000000000000000e+00 -6.142570571438216165e-01 -5.092336725867344649e-01
0.000000000000000000e+00 -6.083949300379705161e-01 -5.025406958812951297e-01
0.000000000000000000e+00 -6.025565047643688388e-01 -4.958652159469184584e-01
0.000000000000000000e+00 -5.970474367334539512e-01 -4.890925961365039654e-01
0.000000000000000000e+00 -5.919041977830994394e-01 -4.821825512864255647e-01
0.000000000000000000e+00 -5.870397531373957589e-01 -4.751289101274034921e-01
0.000000000000000000e+00 -5.823664215111447051e-01 -4.679256799631791308e-01
0.000000000000000000e+00 -5.777965216191492948e-01 -4.605668680974969176e-01
0.000000000000000000e+00 -5.732423721762119895e-01 -4.530464818340991795e-01
0.000000000000000000e+00 -5.686164255140983004e-01 -4.453585466307691809e-01
0.000000000000000000e+00 -5.638947985927147410e-01 -4.375057378223085602e-01
0.000000000000000000e+00 -5.592189914326735067e-01 -4.295132007268863683e-01
0.000000000000000000e+00 -5.547570122595973929e-01 -4.214096822342182080e-01
0.000000000000000000e+00 -5.506768692991113046e-01 -4.132239292340227910e-01
0.000000000000000000e+00 -5.471465707768377040e-01 -4.049846886160148318e-01
0.000000000000000000e+00 -5.443341249184012742e-01 -3.967207072699135417e-01
0.000000000000000000e+00 -5.424075399494245886e-01 -3.884607320854321921e-01
0.000000000000000000e+00 -5.415348240955318859e-01 -3.802335099522891615e-01
0.000000000000000000e+00 -5.418839488536373317e-01 -3.720677831324003537e-01
0.000000000000000000e+00 -5.435225376762906624e-01 -3.639796500792600309e-01
0.000000000000000000e+00 -5.461991891924462550e-01 -3.559450122621782842e-01
0.000000000000000000e+00 -5.495992468343816606e-01 -3.479318010241601034e-01
0.000000000000000000e+00 -5.534080540343740973e-01 -3.399079477082106449e-01
0.000000000000000000e+00 -5.573109542247026704e-01 -3.318413836573300690e-01
0.000000000000000000e+00 -5.609932908376449312e-01 -3.237000402145234212e-01
0.000000000000000000e+00 -5.641404073054778756e-01 -3.154518487227958023e-01
0.000000000000000000e+00 -5.664733103356685007e-01 -3.070691855867601072e-01
0.000000000000000000e+00 -5.679905506793169190e-01 -2.985590202305402618e-01
0.000000000000000000e+00 -5.688207600641025374e-01 -2.899445353383299784e-01
0.000000000000000000e+00 -5.690933159744748782e-01 -2.812490065452526999e-01
0.000000000000000000e+00 -5.689375958948830192e-01 -2.724957094864374207e-01
0.000000000000000000e+00 -5.684829773097760386e-01 -2.637079197970111366e-01
0.000000000000000000e+00 -5.678588377036035695e-01 -2.549089131121030083e-01
0.000000000000000000e+00 -5.671945545608146899e-01 -2.461219650668366732e-01
0.000000000000000000e+00 -5.666107962953970123e-01 -2.373685262928126594e-01
0.000000000000000000e+00 -5.661401192362465196e-01 -2.286515833539807530e-01
0.000000000000000000e+00 -5.657639046589902909e-01 -2.199633989772023512e-01
0.000000000000000000e+00 -5.654629029951362407e-01 -2.112961036946686133e-01
0.000000000000000000e+00 -5.652178646761927272e-01 -2.026418280385708370e-01
0.000000000000000000e+00 -5.650095401336677758e-01 -1.939927025410948247e-01
0.000000000000000000e+00 -5.648186797990696340e-01 -1.853408577344318187e-01
0.000000000000000000e+00 -5.646260830707435785e-01 -1.766786425229703028e-01
0.000000000000000000e+00 -5.644138075225605400e-01 -1.680040167627053216e-01
0.000000000000000000e+00 -5.641652468848411539e-01 -1.593208990244879830e-01
0.000000000000000000e+00 -5.638638594686103955e-01 -1.506334958828668413e-01
0.000000000000000000e+00 -5.634931035848937952e-01 -1.419460139123920883e-01
0.000000000000000000e+00 -5.630364375447157732e-01 -1.332626596876087532e-01
0.000000000000000000e+00 -5.624773196591014157e-01 -1.245876397830670695e-01
0.000000000000000000e+00 -5.617992082390761421e-01 -1.159251607733173123e-01
0.000000000000000000e+00 -5.609855615956643726e-01 -1.072794292329044552e-01
0.000000000000000000e+00 -5.600198468780424044e-01 -9.865464981256906463e-02
0.000000000000000000e+00 -5.588938730563929314e-01 -9.005321139004152098e-02
0.000000000000000000e+00 -5.576232891736405684e-01 -8.147231354917289226e-02
0.000000000000000000e+00 -5.562279756915049500e-01 -7.290823481641073300e-02
0.000000000000000000e+00 -5.547278130717052669e-01 -6.435725371820245899e-02
0.000000000000000000e+00 -5.531426817759607095e-01 -5.581564878099039284e-02
0.000000000000000000e+00 -5.514924622659903575e-01 -4.727969853122196420e-02
0.000000000000000000e+00 -5.497970350035137344e-01 -3.874568149534295819e-02
0.000000000000000000e+00 -5.480762757804829022e-01 -3.020990584079474156e-02
0.000000000000000000e+00 -5.463498135650938226e-01 -2.167024642995222031e-02
0.000000000000000000e+00 -5.446369127902939145e-01 -1.312689198486508002e-02
0.000000000000000000e+00 -5.429568085489571150e-01 -4.580217461454674961e-03
0.000000000000000000e+00 -5.413287359339568061e-01 3.969402184362849119e-03
0.000000000000000000e+00 -5.397719300381678131e-01 1.252159199666611281e-02
0.000000000000000000e+00 -5.383056259544637401e-01 2.107597701953373842e-02
0.000000000000000000e+00 -5.369490587757186351e-01 2.963218229704960016e-02
0.000000000000000000e+00 -5.357214635948064352e-01 3.818983287329232035e-02
0.000000000000000000e+00 -5.346417905192267783e-01 4.674857340556438229e-02
0.000000000000000000e+00 -5.337047130372040149e-01 5.530971931329322494e-02
0.000000000000000000e+00 -5.328624391377517755e-01 6.387750857058933918e-02
0.000000000000000000e+00 -5.320628935338812537e-01 7.245647393459098140e-02
0.000000000000000000e+00 -5.312540009386041984e-01 8.105114816243473574e-02
0.000000000000000000e+00 -5.303836860649315810e-01 8.966606401126238357e-02
0.000000000000000000e+00 -5.293998736258747062e-01 9.830575423821046044e-02
0.000000000000000000e+00 -5.282504883344456559e-01 1.069747516004154742e-01
0.000000000000000000e+00 -5.268834549036549575e-01 1.156775888550193032e-01
0.000000000000000000e+00 -5.252467113725352021e-01 1.244183844998110050e-01
0.000000000000000000e+00 -5.232892071535633072e-01 1.331698169719074121e-01
0.000000000000000000e+00 -5.209615949884990327e-01 1.418516141625264515e-01
0.000000000000000000e+00 -5.182146912367611158e-01 1.503784176625168056e-01
0.000000000000000000e+00 -5.149993122577690707e-01 1.586648690627272262e-01
0.000000000000000000e+00 -5.112662744109405244e-01 1.666256099540114888e-01
0.000000000000000000e+00 -5.069663940556948800e-01 1.741752819272184005e-01
0.000000000000000000e+00 -5.020504875514517629e-01 1.812285265731968797e-01
0.000000000000000000e+00 -4.964693712576282447e-01 1.876999854828003689e-01
0.000000000000000000e+00 -4.901922372551169582e-01 1.935185714152798386e-01
0.000000000000000000e+00 -4.832818879470324180e-01 1.986858978766076200e-01
0.000000000000000000e+00 -4.758308589594043569e-01 2.032266701371770179e-01
0.000000000000000000e+00 -4.679316981522504415e-01 2.071656029686910483e-01
0.000000000000000000e+00 -4.596769533855932233e-01 2.105274111428499517e-01
0.000000000000000000e+00 -4.511591725194554203e-01 2.133368094313543017e-01
0.000000000000000000e+00 -4.424709034138542552e-01 2.156185126059064761e-01
0.000000000000000000e+00 -4.337046939288124459e-01 2.173972354382070482e-01
0.000000000000000000e+00 -4.249451294146409097e-01 2.187000793997360693e-01
0.000000000000000000e+00 -4.162156078128153580e-01 2.195724864074401483e-01
0.000000000000000000e+00 -4.075111597173694533e-01 2.200684012679738344e-01
0.000000000000000000e+00 -3.988266604169466434e-01 2.202418153395638567e-01
0.000000000000000000e+00 -3.901569852001851579e-01 2.201467199804367225e-01
0.000000000000000000e+00 -3.814970093557286113e-01 2.198371065488189668e-01
0.000000000000000000e+00 -3.728416081722185638e-01 2.193669664029371524e-01
0.000000000000000000e+00 -3.641856569382984077e-01 2.187902909010179808e-01
0.000000000000000000e+00 -3.555240309426065393e-01 2.181610714012876262e-01
0.000000000000000000e+00 -3.468516463386558946e-01 2.175329985560290058e-01
0.000000000000000000e+00 -3.381668461631336942e-01 2.169345461465818914e-01
0.000000000000000000e+00 -3.294739377110345036e-01 2.163502996964972724e-01
0.000000000000000000e+00 -3.207778259957704270e-01 2.157604463920426152e-01
0.000000000000000000e+00 -3.120834160307526806e-01 2.151451734194848864e-01
0.000000000000000000e+00 -3.033956128293874843e-01 2.144846679650909138e-01
0.000000000000000000e+00 -2.947193214050863319e-01 2.137591172151278585e-01
0.000000000000000000e+00 -2.860594467712608280e-01 2.129487083558628535e-01
0.000000000000000000e+00 -2.774208939413171926e-01 2.120336285735627546e-01
0.000000000000000000e+00 -2.688085679286668084e-01 2.109940650544945562e-01
0.000000000000000000e+00 -2.602273737467195591e-01 2.098102049849254191e-01
0.000000000000000000e+00 -2.516822164088868274e-01 2.084622355511225322e-01
0.000000000000000000e+00 -2.431780009285749444e-01 2.069303439393525290e-01
0.000000000000000000e+00 -2.347186904564599608e-01 2.051971656521283105e-01
0.000000000000000000e+00 -2.263018222707662286e-01 2.032620398657843108e-01
0.000000000000000000e+00 -2.179222503731891858e-01 2.011312807746231390e-01
0.000000000000000000e+00 -2.095748197970996596e-01 1.988112258855900538e-01
0.000000000000000000e+00 -2.012543755758685049e-01 1.963082127056302861e-01
0.000000000000000000e+00 -1.929557627428610533e-01 1.936285787416875126e-01
0.000000000000000000e+00 -1.846738263314482431e-01 1.907786615007070197e-01
0.000000000000000000e+00 -1.764034104797275737e-01 1.877648393030445506e-01
0.000000000000000000e+00 -1.681388659826298093e-01 1.846159808300389671e-01
0.000000000000000000e+00 -1.598732329095991500e-01 1.814207076728541757e-01
0.000000000000000000e+00 -1.515993360739202878e-01 1.782774544474848288e-01
0.000000000000000000e+00 -1.433100002888796354e-01 1.752846557699264396e-01
0.000000000000000000e+00 -1.349980503677584709e-01 1.725407462561723837e-01
0.000000000000000000e+00 -1.266563111238430683e-01 1.701441605222180353e-01
0.000000000000000000e+00 -1.182776073704199515e-01 1.681933331840585466e-01
0.000000000000000000e+00 -1.098547639207701765e-01 1.667866988576877096e-01
0.000000000000000000e+00 -1.013806063726239992e-01 1.660226799414355470e-01
0.000000000000000000e+00 -9.285116997509848535e-02 1.659497087016142125e-01
0.000000000000000000e+00 -8.427301069551051960e-02 1.664523578358216849e-01
0.000000000000000000e+00 -7.565483679093636116e-02 1.673816782550295590e-01
0.000000000000000000e+00 -6.700535651845206109e-02 1.685887208702089024e-01
0.000000000000000000e+00 -5.833327813512848015e-02 1.699245365923316708e-01
0.000000000000000000e+00 -4.964730989804182898e-02 1.712401763323691262e-01
0.000000000000000000e+00 -4.095616006426645167e-02 1.723866910012926135e-01
0.000000000000000000e+00 -3.226853689087853805e-02 1.732151315100734779e-01
0.000000000000000000e+00 -2.359278045998467604e-02 1.735840690580621459e-01
0.000000000000000000e+00 -1.493129980720238510e-02 1.734732215394078625e-01
0.000000000000000000e+00 -6.281712264719580517e-03 1.729601814869945187e-01
0.000000000000000000e+00 2.358501886336645398e-03 1.721253408186732836e-01
0.000000000000000000e+00 1.099186236483393198e-02 1.710490914522953265e-01
0.000000000000000000e+00 1.962088888963989947e-02 1.698118253057121219e-01
0.000000000000000000e+00 2.824810117962747724e-02 1.684939342967744502e-01
0.000000000000000000e+00 3.687601895366430377e-02 1.671758103433337306e-01
0.000000000000000000e+00 4.550716148007406814e-02 1.659378304911994229e-01
0.000000000000000000e+00 5.414338995923377584e-02 1.648386495657652717e-01
0.000000000000000000e+00 6.278459042621045705e-02 1.638717239946401727e-01
0.000000000000000000e+00 7.143027988527198002e-02 1.630183288366646444e-01
0.000000000000000000e+00 8.007997534068435341e-02 1.622597391506792885e-01
0.000000000000000000e+00 8.873319379671903984e-02 1.615772299955244018e-01
0.000000000000000000e+00 9.738945225764206182e-02 1.609520764300406692e-01
0.000000000000000000e+00 1.060482677277195113e-01 1.603655535130686927e-01
0.000000000000000000e+00 1.147091572112228092e-01 1.597989363034488242e-01
0.000000000000000000e+00 1.233716377124180197e-01 1.592334998600216656e-01
0.000000000000000000e+00 1.320352262228122464e-01 1.586505193042090922e-01
0.000000000000000000e+00 1.406991170535179803e-01 1.580328524662055201e-01
0.000000000000000000e+00 1.493613432099930860e-01 1.573690532415381871e-01
0.000000000000000000e+00 1.580196765394751290e-01 1.566489564755739472e-01
0.000000000000000000e+00 1.666718888892068928e-01 1.558623970136788495e-01
0.000000000000000000e+00 1.753157521064259428e-01 1.549992097012196368e-01
0.000000000000000000e+00 1.839490380383698165e-01 1.540492293835631077e-01
0.000000000000000000e+00 1.925695185322813252e-01 1.530022909060753944e-01
0.000000000000000000e+00 2.011749654353980343e-01 1.518482291141232676e-01
0.000000000000000000e+00 2.097632767329180581e-01 1.505776230378667868e-01
0.000000000000000000e+00 2.183346670194415695e-01 1.491947191673413387e-01
0.000000000000000000e+00 2.268913828880035066e-01 1.477157523135110007e-01
0.000000000000000000e+00 2.354357398406059509e-01 1.461573638343451886e-01
0.000000000000000000e+00 2.439700533792508730e-01 1.445361950878135127e-01
0.000000000000000000e+00 2.524966390059454890e-01 1.428688874318845003e-01
0.000000000000000000e+00 2.610178122226918807e-01 1.411720822245277340e-01
0.000000000000000000e+00 2.695358885314920183e-01 1.394624208237127960e-01
0.000000000000000000e+00 2.780531834343531461e-01 1.377565445874081584e-01
0.000000000000000000e+00 2.865720124332772900e-01 1.360710948735834869e-01
0.000000000000000000e+00 2.950946910302665316e-01 1.344227130402082804e-01
0.000000000000000000e+00 3.036235347273279483e-01 1.328280404452510943e-01
0.000000000000000000e+00 3.121608590264637328e-01 1.313037184466815110e-01
0.000000000000000000e+00 3.207089794296775764e-01 1.298663884024687798e-01
0.000000000000000000e+00 3.292702114389714496e-01 1.285326916705823441e-01
0.000000000000000000e+00 3.378468705563526520e-01 1.273192696089908704e-01
0.000000000000000000e+00 3.464412722838232095e-01 1.262427635756639410e-01
0.000000000000000000e+00 3.550557321233850372e-01 1.253198149285709162e-01
0.000000000000000000e+00 3.636925655770455457e-01 1.245670650256806705e-01
0.000000000000000000e+00 3.723540881468065944e-01 1.240011552249625781e-01
0.000000000000000000e+00 3.810426153346702649e-01 1.236387268843859577e-01
0.000000000000000000e+00 3.897604626426438568e-01 1.234964213619199058e-01
0.000000000000000000e+00 3.985099455727293405e-01 1.235908800155336995e-01
0.000000000000000000e+00 4.072933796269285756e-01 1.239387442031965048e-01
0.000000000000000000e+00 4.161130803072490836e-01 1.245566552828776818e-01
0.000000000000000000e+00 4.249713631156928351e-01 1.254612546125464245e-01
