0.000000000000000000e+00 1.000000000000000000e+00 0.000000000000000000e+00
1.282282715750935886e-01 9.917900138232461638e-01 1.278771616845059966e-01
2.564565431501871773e-01 9.672948630390294511e-01 2.536545839095073474e-01
3.846848147252807659e-01 9.269167573460217469e-01 3.752670048793740887e-01
5.129130863003743546e-01 8.713187041233894092e-01 4.907175520039378513e-01
6.411413578754678877e-01 8.014136218679567270e-01 5.981105304912158749e-01
7.693696294505615318e-01 7.183493500977276014e-01 6.956825506034863826e-01
8.975979010256551760e-01 6.234898018587335944e-01 7.818314824680298036e-01
1.025826172600748709e+00 5.183925683105251592e-01 8.551427630053460849e-01
1.154054444175842242e+00 4.047833431223940015e-01 9.144126230158123869e-01
1.282282715750935775e+00 2.845275866310326696e-01 9.586678530366605777e-01
1.410510987326029531e+00 1.595998950333793187e-01 9.871817834144500647e-01
1.538739258901123064e+00 3.205157757165533194e-02 9.994862162006878936e-01
1.666967530476216597e+00 -9.602302590768153900e-02 9.953791129491982304e-01
1.795195802051310352e+00 -2.225209339563143374e-01 9.749279121818236193e-01
1.923424073626403885e+00 -3.453650544213074935e-01 9.384684220497604423e-01
2.051652345201497418e+00 -4.625382902408350927e-01 8.865993063730001067e-01
2.179880616776590951e+00 -5.721166601221694403e-01 8.201722545969560851e-01
2.308108888351684485e+00 -6.723008902613165638e-01 7.402779970753157190e-01
2.436337159926778018e+00 -7.614459583691342015e-01 6.482283953077887517e-01
2.564565431501871551e+00 -8.380881048918403797e-01 5.455349012105490392e-01
2.692793703076965528e+00 -9.009688679024190350e-01 4.338837391175582314e-01
2.821021974652059061e+00 -9.490557470106686377e-01 3.151082180236208785e-01
2.949250246227152594e+00 -9.815591569910653291e-01 1.911586287013725405e-01
3.077478517802246127e+00 -9.979453927503363353e-01 6.407021998071323055e-02
3.205706789377339661e+00 -9.979453927503363353e-01 -6.407021998071255053e-02
3.333935060952433194e+00 -9.815591569910654401e-01 -1.911586287013718743e-01
3.462163332527526727e+00 -9.490557470106688598e-01 -3.151082180236202124e-01
3.590391604102620704e+00 -9.009688679024191460e-01 -4.338837391175580094e-01
3.718619875677714237e+00 -8.380881048918408238e-01 -5.455349012105484841e-01
3.846848147252807770e+00 -7.614459583691346456e-01 -6.482283953077881966e-01
3.975076418827901303e+00 -6.723008902613170079e-01 -7.402779970753152750e-01
4.103304690402994837e+00 -5.721166601221699954e-01 -8.201722545969556410e-01
4.231532961978088814e+00 -4.625382902408353147e-01 -8.865993063729999957e-01
4.359761233553181903e+00 -3.453650544213081597e-01 -9.384684220497602203e-01
4.487989505128275880e+00 -2.225209339563145872e-01 -9.749279121818236193e-01
4.616217776703368969e+00 -9.602302590768244106e-02 -9.953791129491981193e-01
4.744446048278462946e+00 3.205157757165486010e-02 -9.994862162006878936e-01
4.872674319853556035e+00 1.595998950333784028e-01 -9.871817834144502868e-01
5.000902591428650013e+00 2.845275866310320034e-01 -9.586678530366607998e-01
5.129130863003743102e+00 4.047833431223929468e-01 -9.144126230158128310e-01
5.257359134578837079e+00 5.183925683105244930e-01 -8.551427630053464179e-01
5.385587406153931056e+00 6.234898018587333723e-01 -7.818314824680299147e-01
5.513815677729024145e+00 7.183493500977270463e-01 -6.956825506034869377e-01
5.642043949304118122e+00 8.014136218679565049e-01 -5.981105304912162079e-01
5.770272220879211211e+00 8.713187041233889651e-01 -4.907175520039386285e-01
5.898500492454305189e+00 9.269167573460216358e-01 -3.752670048793745883e-01
6.026728764029398278e+00 9.672948630390291180e-01 -2.536545839095083466e-01
6.154957035604492255e+00 9.917900138232460527e-01 -1.278771616845066350e-01
6.283185307179586232e+00 1.000000000000000000e+00 -2.449293598294706414e-16
