0.000000000000000000e+00 -5.882352941176493405e-02 -9.018087855297155508e-01
0.000000000000000000e+00 -6.932974602116159790e-02 -9.024646848607529304e-01
0.000000000000000000e+00 -7.983946854296103401e-02 -9.030185057933408643e-01
0.000000000000000000e+00 -9.035223471699209419e-02 -9.034739079572604581e-01
0.000000000000000000e+00 -1.008675822830836094e-01 -9.038345509822933721e-01
0.000000000000000000e+00 -1.113850489810645911e-01 -9.041040944982222660e-01
0.000000000000000000e+00 -1.219041725507637730e-01 -9.042861981348284672e-01
0.000000000000000000e+00 -1.324244907320100972e-01 -9.043845215218939693e-01
0.000000000000000000e+00 -1.429455412646324364e-01 -9.044027242892005436e-01
0.000000000000000000e+00 -1.534668618884597047e-01 -9.043444660665300727e-01
0.000000000000000000e+00 -1.639879903433207331e-01 -9.042134064836643281e-01
0.000000000000000000e+00 -1.745084643690444082e-01 -9.040132051703851923e-01
0.000000000000000000e+00 -1.850278217054596164e-01 -9.037475217564744367e-01
0.000000000000000000e+00 -1.955456000923951887e-01 -9.034200158717138329e-01
0.000000000000000000e+00 -2.060613372696801227e-01 -9.030343471458853744e-01
0.000000000000000000e+00 -2.165745709771431382e-01 -9.025941752087707215e-01
0.000000000000000000e+00 -2.270848389546131774e-01 -9.021031596901519789e-01
0.000000000000000000e+00 -2.375916912530889602e-01 -9.015649509034686648e-01
0.000000000000000000e+00 -2.480950548470581551e-01 -9.009829139294712741e-01
0.000000000000000000e+00 -2.585952945133486724e-01 -9.003600825468206503e-01
0.000000000000000000e+00 -2.690927996013571799e-01 -8.996994719391582240e-01
0.000000000000000000e+00 -2.795879594604802620e-01 -8.990040972901252037e-01
0.000000000000000000e+00 -2.900811634401144201e-01 -8.982769737833627977e-01
0.000000000000000000e+00 -3.005728008896563219e-01 -8.975211166025118814e-01
0.000000000000000000e+00 -3.110632611585024132e-01 -8.967395409312137744e-01
0.000000000000000000e+00 -3.215529335960494173e-01 -8.959352619531097961e-01
0.000000000000000000e+00 -3.320422075516939464e-01 -8.951112948518413770e-01
0.000000000000000000e+00 -3.425314723748325019e-01 -8.942706548110492815e-01
0.000000000000000000e+00 -3.530211174148615294e-01 -8.934163570143747179e-01
0.000000000000000000e+00 -3.635115320211778633e-01 -8.925514166454591169e-01
0.000000000000000000e+00 -3.740031055431779494e-01 -8.916788488879434649e-01
0.000000000000000000e+00 -3.844961773618110201e-01 -8.908021278797612075e-01
0.000000000000000000e+00 -3.949906728187395077e-01 -8.899285306608223367e-01
0.000000000000000000e+00 -4.054863126040176291e-01 -8.890672139719056899e-01
0.000000000000000000e+00 -4.159828159551685611e-01 -8.882273478951148160e-01
0.000000000000000000e+00 -4.264799021097154808e-01 -8.874181025125542632e-01
0.000000000000000000e+00 -4.369772903051815094e-01 -8.866486479063274695e-01
0.000000000000000000e+00 -4.474746997790898795e-01 -8.859281541585385389e-01
0.000000000000000000e+00 -4.579718497689637124e-01 -8.852657913512911314e-01
0.000000000000000000e+00 -4.684684595123264628e-01 -8.846707295666896842e-01
0.000000000000000000e+00 -4.789642482467008078e-01 -8.841521388868376352e-01
0.000000000000000000e+00 -4.894589352096377910e-01 -8.837191893934294162e-01
0.000000000000000000e+00 -4.999525454728081519e-01 -8.833764759896851615e-01
0.000000000000000000e+00 -5.104463110588881580e-01 -8.831105379863125604e-01
0.000000000000000000e+00 -5.209417616866562906e-01 -8.829034612576437402e-01
0.000000000000000000e+00 -5.314404270748903647e-01 -8.827373316780093848e-01
0.000000000000000000e+00 -5.419438369423690283e-01 -8.825942351217417325e-01
0.000000000000000000e+00 -5.524535210078700409e-01 -8.824562574631718004e-01
0.000000000000000000e+00 -5.629710089901717174e-01 -8.823054845766311605e-01
0.000000000000000000e+00 -5.734978306080521504e-01 -8.821240023364512739e-01
0.000000000000000000e+00 -5.840355155802897658e-01 -8.818938966169640459e-01
0.000000000000000000e+00 -5.945855936256625451e-01 -8.815972532925006044e-01
0.000000000000000000e+00 -6.051495944629488033e-01 -8.812161582373926327e-01
0.000000000000000000e+00 -6.157271618317733397e-01 -8.807304013131241893e-01
0.000000000000000000e+00 -6.263048384124357826e-01 -8.801038229999412765e-01
0.000000000000000000e+00 -6.368636073739223358e-01 -8.792934955646788397e-01
0.000000000000000000e+00 -6.473844317011465677e-01 -8.782564667018474269e-01
0.000000000000000000e+00 -6.578482743790213805e-01 -8.769497841059562537e-01
0.000000000000000000e+00 -6.682360983924604536e-01 -8.753304954715167563e-01
0.000000000000000000e+00 -6.785288667263764673e-01 -8.733556484930383723e-01
0.000000000000000000e+00 -6.887075423656832118e-01 -8.709822908650316498e-01
0.000000000000000000e+00 -6.987603602545283676e-01 -8.681861135747812597e-01
0.000000000000000000e+00 -7.087114238686622603e-01 -8.650347646069135310e-01
0.000000000000000000e+00 -7.185958765013317207e-01 -8.616241949855980575e-01
0.000000000000000000e+00 -7.284488644972554328e-01 -8.580503635581312460e-01
0.000000000000000000e+00 -7.383055342011510813e-01 -8.544092291718098364e-01
0.000000000000000000e+00 -7.482010319577371282e-01 -8.507967506739302355e-01
0.000000000000000000e+00 -7.581705041117312582e-01 -8.473088869117887389e-01
0.000000000000000000e+00 -7.682490970078517112e-01 -8.440415967326819757e-01
0.000000000000000000e+00 -7.784719569908163939e-01 -8.410908389839063526e-01
0.000000000000000000e+00 -7.888713117713260781e-01 -8.385463369107515330e-01
0.000000000000000000e+00 -7.994157359627734882e-01 -8.363618202153162429e-01
0.000000000000000000e+00 -8.100120240515755743e-01 -8.343590266193939842e-01
0.000000000000000000e+00 -8.205644265889452393e-01 -8.323542587791391556e-01
0.000000000000000000e+00 -8.309771941260963857e-01 -8.301638193507074881e-01
0.000000000000000000e+00 -8.411545772142426936e-01 -8.276040109902539355e-01
0.000000000000000000e+00 -8.510008264045975102e-01 -8.244911363539336735e-01
0.000000000000000000e+00 -8.604201922483745157e-01 -8.206414980979022111e-01
0.000000000000000000e+00 -8.693240979653295009e-01 -8.158852757523993304e-01
0.000000000000000000e+00 -8.777101294406464138e-01 -8.102193467024328966e-01
0.000000000000000000e+00 -8.856328107450318621e-01 -8.037507459440110802e-01
0.000000000000000000e+00 -8.931476774269344610e-01 -7.965884653667557602e-01
0.000000000000000000e+00 -9.003102650348020486e-01 -7.888414968602893707e-01
0.000000000000000000e+00 -9.071761091170841285e-01 -7.806188323142341234e-01
0.000000000000000000e+00 -9.138007452222290938e-01 -7.720294636182123416e-01
0.000000000000000000e+00 -9.202397088986855600e-01 -7.631823826618463480e-01
0.000000000000000000e+00 -9.265485356949019202e-01 -7.541865813347583547e-01
0.000000000000000000e+00 -9.327827611593269008e-01 -7.451510515265704626e-01
0.000000000000000000e+00 -9.389979203492395676e-01 -7.361847844788894646e-01
0.000000000000000000e+00 -9.452252956863863576e-01 -7.273647741495207208e-01
0.000000000000000000e+00 -9.514069739273576243e-01 -7.186503357801585778e-01
0.000000000000000000e+00 -9.574645415745723920e-01 -7.099737379663787484e-01
0.000000000000000000e+00 -9.633195851304496848e-01 -7.012672493037558352e-01
0.000000000000000000e+00 -9.688936910974085270e-01 -6.924631383878652180e-01
0.000000000000000000e+00 -9.741084459778672766e-01 -6.834936738142816104e-01
0.000000000000000000e+00 -9.788854363147885262e-01 -6.742911242215192669e-01
0.000000000000000000e+00 -9.831628535047829409e-01 -6.648053443670702833e-01
0.000000000000000000e+00 -9.869426441112715276e-01 -6.550537117925874231e-01
0.000000000000000000e+00 -9.902420539374322539e-01 -6.450698073894391982e-01
0.000000000000000000e+00 -9.930783287864424214e-01 -6.348872120489935655e-01
0.000000000000000000e+00 -9.954687144614803307e-01 -6.245395066626183711e-01
0.000000000000000000e+00 -9.974304567657240606e-01 -6.140602721216820159e-01
0.000000000000000000e+00 -9.989808015023508014e-01 -6.034830893175524569e-01
0.000000000000000000e+00 -1.000136981999748764e+00 -5.928415344377256924e-01
0.000000000000000000e+00 -1.000909318209458387e+00 -5.821665768411938835e-01
0.000000000000000000e+00 -1.001289746814574722e+00 -5.714822541039352721e-01
0.000000000000000000e+00 -1.001267182705537939e+00 -5.608114643739182670e-01
0.000000000000000000e+00 -1.000830540772787991e+00 -5.501771057991101666e-01
0.000000000000000000e+00 -9.999687359067650494e-01 -5.396020765274797126e-01
0.000000000000000000e+00 -9.986706829979085098e-01 -5.291092747069944258e-01
0.000000000000000000e+00 -9.969252969366586559e-01 -5.187215984856221596e-01
0.000000000000000000e+00 -9.947214926134556601e-01 -5.084619460113313227e-01
0.000000000000000000e+00 -9.920481849187391399e-01 -4.983532154320894358e-01
0.000000000000000000e+00 -9.888959459736204050e-01 -4.884170684349361524e-01
0.000000000000000000e+00 -9.852904488113674031e-01 -4.786489778925359651e-01
0.000000000000000000e+00 -9.812908696474090808e-01 -4.690194199306099709e-01
0.000000000000000000e+00 -9.769577221644277776e-01 -4.594978727896548154e-01
0.000000000000000000e+00 -9.723515200451060547e-01 -4.500538147101671438e-01
0.000000000000000000e+00 -9.675327769721263627e-01 -4.406567239326432683e-01
0.000000000000000000e+00 -9.625620066281710407e-01 -4.312760786975801675e-01
0.000000000000000000e+00 -9.574997226959224284e-01 -4.218813572454739869e-01
0.000000000000000000e+00 -9.524064114749477561e-01 -4.124420616960514097e-01
0.000000000000000000e+00 -9.473107989928242212e-01 -4.029553904638099593e-01
0.000000000000000000e+00 -9.421486245149069960e-01 -3.934996303360805969e-01
0.000000000000000000e+00 -9.368386989190629066e-01 -3.841678303670287287e-01
0.000000000000000000e+00 -9.312998330831602223e-01 -3.750530396108205933e-01
0.000000000000000000e+00 -9.254508378850656580e-01 -3.662483071216212638e-01
0.000000000000000000e+00 -9.192105242026470391e-01 -3.578466819535967014e-01
0.000000000000000000e+00 -9.124977029137715245e-01 -3.499412131609124788e-01
0.000000000000000000e+00 -9.052311848963060514e-01 -3.426249497977341130e-01
0.000000000000000000e+00 -8.973458939020783065e-01 -3.359729524784532129e-01
0.000000000000000000e+00 -8.889049138366086344e-01 -3.299172036048425571e-01
0.000000000000000000e+00 -8.800325245610944869e-01 -3.243213663101274791e-01
0.000000000000000000e+00 -8.708533848277886236e-01 -3.190486807329148133e-01
0.000000000000000000e+00 -8.614921533889453586e-01 -3.139623870118117832e-01
0.000000000000000000e+00 -8.520734889968184511e-01 -3.089257252854255009e-01
0.000000000000000000e+00 -8.427218147165630446e-01 -3.038021987140089863e-01
0.000000000000000000e+00 -8.335191745954713127e-01 -2.985026045146239593e-01
0.000000000000000000e+00 -8.244565385926081458e-01 -2.930393765943690165e-01
0.000000000000000000e+00 -8.155130755170310053e-01 -2.874381186855741177e-01
0.000000000000000000e+00 -8.066679541777985740e-01 -2.817244345205704437e-01
0.000000000000000000e+00 -7.979003433839690906e-01 -2.759239278316884536e-01
0.000000000000000000e+00 -7.891894119446010158e-01 -2.700622023512589953e-01
0.000000000000000000e+00 -7.805143286687520332e-01 -2.641648618116125835e-01
0.000000000000000000e+00 -7.718542623654811585e-01 -2.582575099450799549e-01
0.000000000000000000e+00 -7.631883818438462974e-01 -2.523657504839917909e-01
0.000000000000000000e+00 -7.544958559129059106e-01 -2.465151871606789113e-01
0.000000000000000000e+00 -7.457587480231542276e-01 -2.407272164718952390e-01
0.000000000000000000e+00 -7.369790877903784621e-01 -2.349942149605271369e-01
0.000000000000000000e+00 -7.281673243059328948e-01 -2.292963218274876869e-01
0.000000000000000000e+00 -7.193339362638671020e-01 -2.236136332474588095e-01
0.000000000000000000e+00 -7.104894023582316587e-01 -2.179262453951224254e-01
0.000000000000000000e+00 -7.016442012830754749e-01 -2.122142544451600388e-01
0.000000000000000000e+00 -6.928088117324491257e-01 -2.064577565722537367e-01
0.000000000000000000e+00 -6.839937124004014102e-01 -2.006368479510849956e-01
0.000000000000000000e+00 -6.752095081113943520e-01 -1.947315912589663023e-01
0.000000000000000000e+00 -6.664785611389426601e-01 -1.887189266620701855e-01
0.000000000000000000e+00 -6.578443912277353034e-01 -1.825701753832828511e-01
0.000000000000000000e+00 -6.493527301811659047e-01 -1.762560711729934115e-01
0.000000000000000000e+00 -6.410493098026293080e-01 -1.697473477815914233e-01
0.000000000000000000e+00 -6.329798618955193579e-01 -1.630147389594660545e-01
0.000000000000000000e+00 -6.251901182632305654e-01 -1.560289784570069727e-01
0.000000000000000000e+00 -6.177257038479414541e-01 -1.487608734276651412e-01
0.000000000000000000e+00 -6.105845865110739457e-01 -1.412139667152242373e-01
0.000000000000000000e+00 -6.036422478813527892e-01 -1.334759370635206777e-01
0.000000000000000000e+00 -5.967547632057315088e-01 -1.256477934769543447e-01
0.000000000000000000e+00 -5.897782077311626292e-01 -1.178305449599243993e-01
0.000000000000000000e+00 -5.825686567045994524e-01 -1.101252005168307374e-01
0.000000000000000000e+00 -5.749821853729949472e-01 -1.026327691520725893e-01
0.000000000000000000e+00 -5.668748700942588536e-01 -9.545425926059133981e-02
0.000000000000000000e+00 -5.582159994094321176e-01 -8.862857229389599356e-02
0.000000000000000000e+00 -5.493989590683817648e-01 -8.196195469562030100e-02
0.000000000000000000e+00 -5.409164221625191171e-01 -7.520618497905495747e-02
0.000000000000000000e+00 -5.332610617832541644e-01 -6.811304165749031136e-02
0.000000000000000000e+00 -5.269255510219992278e-01 -6.043430324421730782e-02
0.000000000000000000e+00 -5.223772884827837526e-01 -5.193394906764121910e-02
0.000000000000000000e+00 -5.196474557195940314e-01 -4.258653457973036321e-02
0.000000000000000000e+00 -5.183990319888301945e-01 -3.254435842819455860e-02
0.000000000000000000e+00 -5.182834476502128362e-01 -2.196529428788753652e-02
0.000000000000000000e+00 -5.189521330634628837e-01 -1.100721583366216436e-02
0.000000000000000000e+00 -5.200565185883004871e-01 1.720032596277771761e-04
0.000000000000000000e+00 -5.212480345844463514e-01 1.141448931712945106e-02
0.000000000000000000e+00 -5.221781114116210709e-01 2.256236866398906096e-02
0.000000000000000000e+00 -5.225303872254348780e-01 3.347114273309126364e-02
0.000000000000000000e+00 -5.223183748386317493e-01 4.413330181225821186e-02
0.000000000000000000e+00 -5.217490069137642461e-01 5.462165870932078615e-02
0.000000000000000000e+00 -5.210316703590661680e-01 6.501004542015002829e-02
0.000000000000000000e+00 -5.203757520827714256e-01 7.537229394061781274e-02
0.000000000000000000e+00 -5.199906355327105212e-01 8.578223367938964117e-02
0.000000000000000000e+00 -5.200514994438896199e-01 9.628812054383667496e-02
0.000000000000000000e+00 -5.206153161030985244e-01 1.068498321885406749e-01
0.000000000000000000e+00 -5.217135409933235657e-01 1.174081683702968837e-01
0.000000000000000000e+00 -5.233776295975511861e-01 1.279039288459005719e-01
0.000000000000000000e+00 -5.256390373987680498e-01 1.382779133721467046e-01
0.000000000000000000e+00 -5.285292198799610430e-01 1.484709217058302333e-01
0.000000000000000000e+00 -5.320796255353514859e-01 1.584237585754518507e-01
0.000000000000000000e+00 -5.363054150071924209e-01 1.680888156502346742e-01
0.000000000000000000e+00 -5.411706533853370971e-01 1.774548332313766741e-01
0.000000000000000000e+00 -5.466294127634989675e-01 1.865176604920198433e-01
0.000000000000000000e+00 -5.526357652353920402e-01 1.952731466053064802e-01
0.000000000000000000e+00 -5.591437828947296573e-01 2.037171407443785776e-01
0.000000000000000000e+00 -5.661075378352267151e-01 2.118454920823793219e-01
0.000000000000000000e+00 -5.734811021505961115e-01 2.196540497924505120e-01
0.000000000000000000e+00 -5.812185479345522987e-01 2.271386630477346957e-01
0.000000000000000000e+00 -5.892739472808083967e-01 2.342951810213738384e-01
0.000000000000000000e+00 -5.976013722830790798e-01 2.411194528865109321e-01
0.000000000000000000e+00 -6.061548950350776899e-01 2.476073278162879698e-01
0.000000000000000000e+00 -6.148885838351265676e-01 2.537546719553575025e-01
0.000000000000000000e+00 -6.237492543752092278e-01 2.595897822727210591e-01
0.000000000000000000e+00 -6.326613726322184439e-01 2.652408949386381165e-01
0.000000000000000000e+00 -6.415451131874845281e-01 2.708554355690821480e-01
0.000000000000000000e+00 -6.503206506223399019e-01 2.765808297800271820e-01
0.000000000000000000e+00 -6.589081595181153217e-01 2.825645031874465252e-01
0.000000000000000000e+00 -6.672383644998483021e-01 2.889360137946073714e-01
0.000000000000000000e+00 -6.753399020366709360e-01 2.956590955609473270e-01
0.000000000000000000e+00 -6.832945249752719885e-01 3.026075242533958765e-01
0.000000000000000000e+00 -6.911845125272458867e-01 3.096541841843508669e-01
0.000000000000000000e+00 -6.990921439041868357e-01 3.166719596662097014e-01
0.000000000000000000e+00 -7.070996983176895956e-01 3.235337350113703936e-01
0.000000000000000000e+00 -7.152894549793484824e-01 3.301123945322306241e-01
0.000000000000000000e+00 -7.237436931007575902e-01 3.362808225411877960e-01
0.000000000000000000e+00 -7.325388524105288512e-01 3.419208746860689652e-01
0.000000000000000000e+00 -7.416699865409031034e-01 3.470394419940391328e-01
0.000000000000000000e+00 -7.510724267507692398e-01 3.517351683829877951e-01
0.000000000000000000e+00 -7.606801280814493582e-01 3.561088120863105111e-01
0.000000000000000000e+00 -7.704270455742652235e-01 3.602611313374028401e-01
0.000000000000000000e+00 -7.802471342705398216e-01 3.642928843696607299e-01
0.000000000000000000e+00 -7.900743492115949174e-01 3.683048294164796288e-01
0.000000000000000000e+00 -7.998426454387526086e-01 3.723977247112550404e-01
0.000000000000000000e+00 -8.094859779933347710e-01 3.766723284873826350e-01
0.000000000000000000e+00 -8.189383019166643907e-01 3.812293989782582493e-01
0.000000000000000000e+00 -8.281335722500631213e-01 3.861696944172774426e-01
0.000000000000000000e+00 -8.370117300533279625e-01 3.915848344512921630e-01
0.000000000000000000e+00 -8.455689673000316153e-01 3.974805629742031998e-01
0.000000000000000000e+00 -8.538322979436321347e-01 4.038155693424407833e-01
0.000000000000000000e+00 -8.618290516909196119e-01 4.105480608659508590e-01
0.000000000000000000e+00 -8.695865582486846934e-01 4.176362448546798167e-01
0.000000000000000000e+00 -8.771321473237174704e-01 4.250383286185737686e-01
0.000000000000000000e+00 -8.844931486228084783e-01 4.327125194675786601e-01
0.000000000000000000e+00 -8.916968918527482524e-01 4.406170247116413252e-01
0.000000000000000000e+00 -8.987707067203269951e-01 4.487100516607076539e-01
0.000000000000000000e+00 -9.057419229323353527e-01 4.569498076247239249e-01
0.000000000000000000e+00 -9.126339760777747445e-01 4.652967962305823435e-01
0.000000000000000000e+00 -9.194202567503897416e-01 4.737410320693893895e-01
0.000000000000000000e+00 -9.260394457499494525e-01 4.822929977027747839e-01
0.000000000000000000e+00 -9.324295261043835659e-01 4.909635871604821622e-01
0.000000000000000000e+00 -9.385284808416213265e-01 4.997636944722547714e-01
0.000000000000000000e+00 -9.442742929895927562e-01 5.087042136678371351e-01
0.000000000000000000e+00 -9.496049455762270997e-01 5.177960387769724449e-01
0.000000000000000000e+00 -9.544584216294539347e-01 5.270500638294043361e-01
0.000000000000000000e+00 -9.587727041772026171e-01 5.364771828548763333e-01
0.000000000000000000e+00 -9.624857762474028355e-01 5.460882898831327381e-01
0.000000000000000000e+00 -9.655361836557766475e-01 5.558941377741154488e-01
0.000000000000000000e+00 -9.679074890852051860e-01 5.658941873478845475e-01
0.000000000000000000e+00 -9.696604077668239396e-01 5.760685464640014075e-01
0.000000000000000000e+00 -9.708632356119767381e-01 5.863954214427025136e-01
0.000000000000000000e+00 -9.715842685320063010e-01 5.968530186042231289e-01
0.000000000000000000e+00 -9.718918024382560139e-01 6.074195442687991831e-01
0.000000000000000000e+00 -9.718541332420691514e-01 6.180732047566662724e-01
0.000000000000000000e+00 -9.715395568547889882e-01 6.287922063880596601e-01
0.000000000000000000e+00 -9.710163691877590209e-01 6.395547554832161641e-01
0.000000000000000000e+00 -9.703528661523219689e-01 6.503390583623706034e-01
0.000000000000000000e+00 -9.696173436598214401e-01 6.611233213457592406e-01
0.000000000000000000e+00 -9.688708835790458274e-01 6.718864958034105328e-01
0.000000000000000000e+00 -9.681063275750595443e-01 6.826145807973109658e-01
0.000000000000000000e+00 -9.672789280405792445e-01 6.932974575234072123e-01
0.000000000000000000e+00 -9.663435455381557126e-01 7.039250476449676608e-01
0.000000000000000000e+00 -9.652550406303403996e-01 7.144872728252611438e-01
0.000000000000000000e+00 -9.639682738796842010e-01 7.249740547275571600e-01
0.000000000000000000e+00 -9.624381058487383456e-01 7.353753150151244311e-01
0.000000000000000000e+00 -9.606193971000538401e-01 7.456809753512311234e-01
0.000000000000000000e+00 -9.584670081961815802e-01 7.558809573991462916e-01
0.000000000000000000e+00 -9.559357996996730167e-01 7.659651828221394343e-01
0.000000000000000000e+00 -9.529806321730789342e-01 7.759235732834790511e-01
0.000000000000000000e+00 -9.495566325631016324e-01 7.857460450281311681e-01
0.000000000000000000e+00 -9.456419684244454782e-01 7.954220456508460657e-01
0.000000000000000000e+00 -9.412553074026506206e-01 8.049401989670601498e-01
0.000000000000000000e+00 -9.364194276055218813e-01 8.142890451846478417e-01
0.000000000000000000e+00 -9.311571071408639710e-01 8.234571245114840066e-01
0.000000000000000000e+00 -9.254911241164816005e-01 8.324329771554436208e-01
0.000000000000000000e+00 -9.194442566401798134e-01 8.412051433244014387e-01
0.000000000000000000e+00 -9.130392828197624322e-01 8.497621632262324365e-01
0.000000000000000000e+00 -9.062989807630349448e-01 8.580925770688120346e-01
0.000000000000000000e+00 -8.992461285778016178e-01 8.661849250600147654e-01
0.000000000000000000e+00 -8.919035043718679390e-01 8.740277474077152720e-01
0.000000000000000000e+00 -8.842938862530373978e-01 8.816095843197888637e-01
0.000000000000000000e+00 -8.764400523291153711e-01 8.889189760041105171e-01
0.000000000000000000e+00 -8.683647172983239848e-01 8.959444612435712996e-01
0.000000000000000000e+00 -8.600844082729609541e-01 9.026744397693781119e-01
0.000000000000000000e+00 -8.516043610113848139e-01 9.090970575656714958e-01
0.000000000000000000e+00 -8.429286098401098659e-01 9.152004336171879473e-01
0.000000000000000000e+00 -8.340611890856503008e-01 9.209726869086660717e-01
0.000000000000000000e+00 -8.250061330745210864e-01 9.264019364248425870e-01
0.000000000000000000e+00 -8.157674761332353031e-01 9.314763011504558765e-01
0.000000000000000000e+00 -8.063492525883072526e-01 9.361839000702429914e-01
0.000000000000000000e+00 -7.967554967662514587e-01 9.405128521689415377e-01
0.000000000000000000e+00 -7.869902429935825561e-01 9.444512764312894548e-01
0.000000000000000000e+00 -7.770581697912785080e-01 9.479880252009696973e-01
0.000000000000000000e+00 -7.669719257825780012e-01 9.511210240846427189e-01
0.000000000000000000e+00 -7.567495397822231462e-01 9.538543235655143615e-01
0.000000000000000000e+00 -7.464091416100708809e-01 9.561920891122616117e-01
0.000000000000000000e+00 -7.359688610859774771e-01 9.581384861935601238e-01
0.000000000000000000e+00 -7.254468280297988736e-01 9.596976802780869953e-01
0.000000000000000000e+00 -7.148611722613914532e-01 9.608738368345185465e-01
0.000000000000000000e+00 -7.042300236006118208e-01 9.616711213315310980e-01
0.000000000000000000e+00 -6.935715118673165813e-01 9.620936992378014141e-01
0.000000000000000000e+00 -6.829037668813614514e-01 9.621457360220060373e-01
0.000000000000000000e+00 -6.722449184626029250e-01 9.618313971528209549e-01
0.000000000000000000e+00 -6.616130964308974960e-01 9.611548480989230425e-01
0.000000000000000000e+00 -6.510264306061019912e-01 9.601202543289889535e-01
0.000000000000000000e+00 -6.405030508080717944e-01 9.587317813116946752e-01
0.000000000000000000e+00 -6.300566597042078776e-01 9.570017285670210372e-01
0.000000000000000000e+00 -6.196805056328641426e-01 9.549799765574494836e-01
0.000000000000000000e+00 -6.093619337153942661e-01 9.527272517848544009e-01
0.000000000000000000e+00 -5.990882885062863705e-01 9.503042817926159458e-01
0.000000000000000000e+00 -5.888469145600302435e-01 9.477717941241149413e-01
0.000000000000000000e+00 -5.786251564311152285e-01 9.451905163227320994e-01
0.000000000000000000e+00 -5.684103586740305580e-01 9.426211759318477990e-01
0.000000000000000000e+00 -5.581898658432643545e-01 9.401245004948423079e-01
0.000000000000000000e+00 -5.479510224933065166e-01 9.377612175550961160e-01
0.000000000000000000e+00 -5.376811731786459436e-01 9.355920546559900464e-01
0.000000000000000000e+00 -5.273676624537722013e-01 9.336777393409049219e-01
0.000000000000000000e+00 -5.169978348731740780e-01 9.320789991532204555e-01
0.000000000000000000e+00 -5.065590349913404733e-01 9.308565616363174700e-01
0.000000000000000000e+00 -4.960387049061584230e-01 9.300706960711846438e-01
0.000000000000000000e+00 -4.854346127104257058e-01 9.297331598431680666e-01
0.000000000000000000e+00 -4.747638321815367268e-01 9.297650115367219747e-01
0.000000000000000000e+00 -4.640455541287408781e-01 9.300773638444661540e-01
0.000000000000000000e+00 -4.532989693612882731e-01 9.305813294590191687e-01
0.000000000000000000e+00 -4.425432686884293032e-01 9.311880210730014706e-01
0.000000000000000000e+00 -4.317976429194144150e-01 9.318085513790320684e-01
0.000000000000000000e+00 -4.210812828634926674e-01 9.323540330697309697e-01
0.000000000000000000e+00 -4.104133793299146737e-01 9.327355788377171830e-01
0.000000000000000000e+00 -3.998131231279304920e-01 9.328643013756108271e-01
0.000000000000000000e+00 -3.892997050667904579e-01 9.326513133760307994e-01
0.000000000000000000e+00 -3.788923159557439635e-01 9.320077275315972187e-01
0.000000000000000000e+00 -3.686101466040413444e-01 9.308446565349288715e-01
0.000000000000000000e+00 -3.584723878209326586e-01 9.290732130786458765e-01
0.000000000000000000e+00 -3.484982304156685751e-01 9.266045098553676862e-01
0.000000000000000000e+00 -3.387055689784781998e-01 9.233552963315857509e-01
0.000000000000000000e+00 -3.290817713518194854e-01 9.193750714332735718e-01
0.000000000000000000e+00 -3.195832767799231533e-01 9.148478310438787897e-01
0.000000000000000000e+00 -3.101651479136006140e-01 9.099635573390584264e-01
0.000000000000000000e+00 -3.007824474036636664e-01 9.049122324944697260e-01
0.000000000000000000e+00 -2.913902379009229437e-01 8.998838386857692662e-01
0.000000000000000000e+00 -2.819435820561900230e-01 8.950683580886141799e-01
0.000000000000000000e+00 -2.723975425202764256e-01 8.906557728786616002e-01
0.000000000000000000e+00 -2.627071819439940059e-01 8.868360652315688819e-01
0.000000000000000000e+00 -2.528344631322891889e-01 8.837681275740211229e-01
0.000000000000000000e+00 -2.427857558222745737e-01 8.814107697915948281e-01
0.000000000000000000e+00 -2.325850184418932765e-01 8.796435531078928838e-01
0.000000000000000000e+00 -2.222562533045214228e-01 8.783458410136808503e-01
0.000000000000000000e+00 -2.118234627235331680e-01 8.773969969997240659e-01
0.000000000000000000e+00 -2.013106490123043046e-01 8.766763845567879798e-01
0.000000000000000000e+00 -1.907418144842102092e-01 8.760633671756381524e-01
0.000000000000000000e+00 -1.801409614526265079e-01 8.754373083470395889e-01
0.000000000000000000e+00 -1.695320922309277167e-01 8.746775715617580715e-01
0.000000000000000000e+00 -1.589392091324895451e-01 8.736635203105589387e-01
0.000000000000000000e+00 -1.483863144706872861e-01 8.722745180842075285e-01
0.000000000000000000e+00 -1.378974105588965937e-01 8.703899283734690684e-01
0.000000000000000000e+00 -1.274964997104920117e-01 8.678891146691088965e-01
0.000000000000000000e+00 -1.172075842388491801e-01 8.646514404618925731e-01
0.000000000000000000e+00 -1.070533804625018320e-01 8.605701359259434469e-01
0.000000000000000000e+00 -9.703588289996262217e-02 8.557618711981241910e-01
0.000000000000000000e+00 -8.714034212709101390e-02 8.505238637576519878e-01
0.000000000000000000e+00 -7.735152964418855193e-02 8.451584968813323773e-01
0.000000000000000000e+00 -6.765421695155800219e-02 8.399681538459703445e-01
0.000000000000000000e+00 -5.803317554950170737e-02 8.352552179283713185e-01
0.000000000000000000e+00 -4.847317693832239871e-02 8.313220724053402844e-01
0.000000000000000000e+00 -3.895899261832162092e-02 8.284711005536828932e-01
0.000000000000000000e+00 -2.947539408980211217e-02 8.270046856502036858e-01
0.000000000000000000e+00 -2.000733104023706341e-02 8.272022266011911373e-01
0.000000000000000000e+00 -1.054221320469853757e-02 8.290258006717398098e-01
0.000000000000000000e+00 -1.069243872626766088e-03 8.322061344748664657e-01
0.000000000000000000e+00 8.422332964121608326e-03 8.364687044173699793e-01
0.000000000000000000e+00 1.794327331369037146e-02 8.415389869060502237e-01
0.000000000000000000e+00 2.750433318422285806e-02 8.471424583477058512e-01
0.000000000000000000e+00 3.711626858386365968e-02 8.530045951491370682e-01
0.000000000000000000e+00 4.678983552075614144e-02 8.588508737171430818e-01
0.000000000000000000e+00 5.653579000304403274e-02 8.644067704585227663e-01
0.000000000000000000e+00 6.636299308618730242e-02 8.694244845588630088e-01
0.000000000000000000e+00 7.626468766319968728e-02 8.738764638167164644e-01
0.000000000000000000e+00 8.622643131091463353e-02 8.778435349922334430e-01
0.000000000000000000e+00 9.623372799197713046e-02 8.814072809173246759e-01
0.000000000000000000e+00 1.062720816690292530e-01 8.846492844238998954e-01
0.000000000000000000e+00 1.163269963047139921e-01 8.876511283438692779e-01
0.000000000000000000e+00 1.263839758616742970e-01 8.904943955091425556e-01
0.000000000000000000e+00 1.364285243025530614e-01 8.932606687516296828e-01
0.000000000000000000e+00 1.464461455899932207e-01 8.960315309032405029e-01
0.000000000000000000e+00 1.564223436866377104e-01 8.988885647958850811e-01
0.000000000000000000e+00 1.663426225551294935e-01 9.019133532614735937e-01
0.000000000000000000e+00 1.761924861581106450e-01 9.051874791319151070e-01
0.000000000000000000e+00 1.859581214999726784e-01 9.087894469655271035e-01
0.000000000000000000e+00 1.956421268120876189e-01 9.127238006192752717e-01
0.000000000000000000e+00 2.052639108664625900e-01 9.169193236564728844e-01
0.000000000000000000e+00 2.148436453540516211e-01 9.213013613831706472e-01
0.000000000000000000e+00 2.244015019658085197e-01 9.257952591054189329e-01
0.000000000000000000e+00 2.339576523926873153e-01 9.303263621292685581e-01
0.000000000000000000e+00 2.435322683256417597e-01 9.348200157607698957e-01
0.000000000000000000e+00 2.531455214556250222e-01 9.392015653059732072e-01
0.000000000000000000e+00 2.628175834735927419e-01 9.433963560709305307e-01
0.000000000000000000e+00 2.725686260704978103e-01 9.473297333616905735e-01
0.000000000000000000e+00 2.824188209357498258e-01 9.509270424898184082e-01
0.000000000000000000e+00 2.923829834267839267e-01 9.541327485227567573e-01
0.000000000000000000e+00 3.024549267770720862e-01 9.569662848990428961e-01
0.000000000000000000e+00 3.126233174084435684e-01 9.594654569174033698e-01
0.000000000000000000e+00 3.228768217427279152e-01 9.616680698765663893e-01
0.000000000000000000e+00 3.332041062017544464e-01 9.636119290752584998e-01
0.000000000000000000e+00 3.435938372073515934e-01 9.653348398122072460e-01
0.000000000000000000e+00 3.540346811813505079e-01 9.668746073861403945e-01
0.000000000000000000e+00 3.645153045455798435e-01 9.682690370957848236e-01
0.000000000000000000e+00 3.750243737218689200e-01 9.695559342398679670e-01
0.000000000000000000e+00 3.855505551320470015e-01 9.707731041171171471e-01
0.000000000000000000e+00 3.960825151979436853e-01 9.719583520262594645e-01
0.000000000000000000e+00 4.066089203413882358e-01 9.731494832660225747e-01
0.000000000000000000e+00 4.171184369842100281e-01 9.743843031351336892e-01
0.000000000000000000e+00 4.275997315482376049e-01 9.757006169323196865e-01
0.000000000000000000e+00 4.380415338191011032e-01 9.771360461331707326e-01
0.000000000000000000e+00 4.484393034803884071e-01 9.787086882740656524e-01
0.000000000000000000e+00 4.588010947172433962e-01 9.804001032968793217e-01
0.000000000000000000e+00 4.691363444571002295e-01 9.821878397042942410e-01
0.000000000000000000e+00 4.794544896273941204e-01 9.840494459989936882e-01
0.000000000000000000e+00 4.897649671555591722e-01 9.859624706836602748e-01
0.000000000000000000e+00 5.000772139690302653e-01 9.879044622609766124e-01
0.000000000000000000e+00 5.104006669952412256e-01 9.898529692336255348e-01
0.000000000000000000e+00 5.207447631616284323e-01 9.917855401042905417e-01
0.000000000000000000e+00 5.311189393956256000e-01 9.936797233756540226e-01
0.000000000000000000e+00 5.415326326246674427e-01 9.955130675503984783e-01
0.000000000000000000e+00 5.519952797761885632e-01 9.972631211312072974e-01
0.000000000000000000e+00 5.625134049084343779e-01 9.989059846113861330e-01
0.000000000000000000e+00 5.730782430015919360e-01 1.000410158167521546e+00
0.000000000000000000e+00 5.836760301056226341e-01 1.001741656970053906e+00
0.000000000000000000e+00 5.942929994374727132e-01 1.002866494781109230e+00
0.000000000000000000e+00 6.049153842140873039e-01 1.003750685362813755e+00
0.000000000000000000e+00 6.155294176524147565e-01 1.004360242477294163e+00
0.000000000000000000e+00 6.261213329693996466e-01 1.004661179886676026e+00
0.000000000000000000e+00 6.366773633819888811e-01 1.004619511353086247e+00
0.000000000000000000e+00 6.471837421071282570e-01 1.004201250638651288e+00
0.000000000000000000e+00 6.576267023617637930e-01 1.003372411505496276e+00
0.000000000000000000e+00 6.679924773628418411e-01 1.002099007715748558e+00
0.000000000000000000e+00 6.782673003273085310e-01 1.000347053031534150e+00
0.000000000000000000e+00 6.884381495772456949e-01 9.980877569385068204e-01
0.000000000000000000e+00 6.984970029938769587e-01 9.953271915554864346e-01
0.000000000000000000e+00 7.084378951220730025e-01 9.920857704078828165e-01
0.000000000000000000e+00 7.182548668559476379e-01 9.883839512952684592e-01
0.000000000000000000e+00 7.279419590896151204e-01 9.842421920172161887e-01
0.000000000000000000e+00 7.374932127171884844e-01 9.796809503732981650e-01
0.000000000000000000e+00 7.469026686327827624e-01 9.747206841630882135e-01
0.000000000000000000e+00 7.561643677305108779e-01 9.693818511861578280e-01
0.000000000000000000e+00 7.652723509044870864e-01 9.636849092420803897e-01
0.000000000000000000e+00 7.742206590488245332e-01 9.576503161304292799e-01
0.000000000000000000e+00 7.830033330576382511e-01 9.512985296507754374e-01
0.000000000000000000e+00 7.916017814945834896e-01 9.446453529378440184e-01
0.000000000000000000e+00 7.999368006523689401e-01 9.376842551787213376e-01
0.000000000000000000e+00 8.079110294134111969e-01 9.304020150563385716e-01
0.000000000000000000e+00 8.154271032832711708e-01 9.227854100093482170e-01
0.000000000000000000e+00 8.223876577675099941e-01 9.148212174764031035e-01
0.000000000000000000e+00 8.286953283716891328e-01 9.064962148961560606e-01
0.000000000000000000e+00 8.342527506013688310e-01 8.977971797072604732e-01
0.000000000000000000e+00 8.389636015015977666e-01 8.887111763035991929e-01
0.000000000000000000e+00 8.428125247742171977e-01 8.792475762561167141e-01
0.000000000000000000e+00 8.459216248361227652e-01 8.694536230280984768e-01
0.000000000000000000e+00 8.484263485179797115e-01 8.593802360600560908e-01
0.000000000000000000e+00 8.504621426504523907e-01 8.490783347924993896e-01
0.000000000000000000e+00 8.521644540642063781e-01 8.385988386659400939e-01
0.000000000000000000e+00 8.536687295899059169e-01 8.279926671208885924e-01
0.000000000000000000e+00 8.551104160582159164e-01 8.173107395978563838e-01
0.000000000000000000e+00 8.566249602998017298e-01 8.066039755373527464e-01
0.000000000000000000e+00 8.583478091453278225e-01 7.959232943798892901e-01
0.000000000000000000e+00 8.603974261661141432e-01 7.853152561156702127e-01
0.000000000000000000e+00 8.627453122158531551e-01 7.747886967237798128e-01
0.000000000000000000e+00 8.652876586847320084e-01 7.643331209196675413e-01
0.000000000000000000e+00 8.679200452548910816e-01 7.539378763988160426e-01
0.000000000000000000e+00 8.705380516084713083e-01 7.435923108567082940e-01
0.000000000000000000e+00 8.730372574276126230e-01 7.332857719888263848e-01
0.000000000000000000e+00 8.753132423944558482e-01 7.230076074906538475e-01
0.000000000000000000e+00 8.772615861911419177e-01 7.127471650576718831e-01
0.000000000000000000e+00 8.787778684998106549e-01 7.024937923853633581e-01
0.000000000000000000e+00 8.797576690026028823e-01 6.922368371692110278e-01
0.000000000000000000e+00 8.800965673816588675e-01 6.819656471046974255e-01
0.000000000000000000e+00 8.796944175807784871e-01 6.716703571633266812e-01
0.000000000000000000e+00 8.785417098560347471e-01 6.613577966140107289e-01
0.000000000000000000e+00 8.767155031093064599e-01 6.510507397998038792e-01
0.000000000000000000e+00 8.742963164331027937e-01 6.407725983960853577e-01
0.000000000000000000e+00 8.713646689199328055e-01 6.305467840782310596e-01
0.000000000000000000e+00 8.680010796623058855e-01 6.203967085216203214e-01
0.000000000000000000e+00 8.642860677527315350e-01 6.103457834016311478e-01
0.000000000000000000e+00 8.603001522837180337e-01 6.004174203936409882e-01
0.000000000000000000e+00 8.561198854953472326e-01 5.906335376030943385e-01
0.000000000000000000e+00 8.517713552177782477e-01 5.809970526490889631e-01
0.000000000000000000e+00 8.472458995916234414e-01 5.714977994546530660e-01
0.000000000000000000e+00 8.425341706443426615e-01 5.621253536125654371e-01
0.000000000000000000e+00 8.376268204033966436e-01 5.528692907156060876e-01
0.000000000000000000e+00 8.325145008962445692e-01 5.437191863565524752e-01
0.000000000000000000e+00 8.271878641503468410e-01 5.346646161281842780e-01
0.000000000000000000e+00 8.216375621931637507e-01 5.256951556232806189e-01
0.000000000000000000e+00 8.158542470521554790e-01 5.168003804346207319e-01
0.000000000000000000e+00 8.098280137551039370e-01 5.079746966121242435e-01
0.000000000000000000e+00 8.035433567547244360e-01 4.992610799606012617e-01
0.000000000000000000e+00 7.969815333387516576e-01 4.907305798858289103e-01
0.000000000000000000e+00 7.901237614748082283e-01 4.824545867886144701e-01
0.000000000000000000e+00 7.829512591305143321e-01 4.745044910697632790e-01
0.000000000000000000e+00 7.754452442734921513e-01 4.669516831300822846e-01
0.000000000000000000e+00 7.675869348713639795e-01 4.598675533703785456e-01
0.000000000000000000e+00 7.593575488917511107e-01 4.533234921914585103e-01
0.000000000000000000e+00 7.507383043022749503e-01 4.473908899941287931e-01
0.000000000000000000e+00 7.417104190705576805e-01 4.421411371791960643e-01
0.000000000000000000e+00 7.322709069463098075e-01 4.376132800869180772e-01
0.000000000000000000e+00 7.224919348279551512e-01 4.336924785340034449e-01
0.000000000000000000e+00 7.124679965235868329e-01 4.302181748846010678e-01
0.000000000000000000e+00 7.022935894717338146e-01 4.270298040690431174e-01
0.000000000000000000e+00 6.920632111109239482e-01 4.239668010176618762e-01
0.000000000000000000e+00 6.818713588796851965e-01 4.208686006607890717e-01
0.000000000000000000e+00 6.718125302165460777e-01 4.175746379287568200e-01
0.000000000000000000e+00 6.619812225600342215e-01 4.139243477518973480e-01
0.000000000000000000e+00 6.524719333486777018e-01 4.097571650605423832e-01
0.000000000000000000e+00 6.433790598072435252e-01 4.049126874978717927e-01
0.000000000000000000e+00 6.347516255606873159e-01 3.993041839029236595e-01
0.000000000000000000e+00 6.265217492438694968e-01 3.930347368050227663e-01
0.000000000000000000e+00 6.186029776901039723e-01 3.862375829825523965e-01
0.000000000000000000e+00 6.109088577327037584e-01 3.790459592138954448e-01
0.000000000000000000e+00 6.033529362049819822e-01 3.715931022774348613e-01
0.000000000000000000e+00 5.958487599402517709e-01 3.640122489515534299e-01
0.000000000000000000e+00 5.883098757718258076e-01 3.564366360146339341e-01
0.000000000000000000e+00 5.806498305330177745e-01 3.489995002450593242e-01
0.000000000000000000e+00 5.727821710571407987e-01 3.418340784212130501e-01
0.000000000000000000e+00 5.646204441775071192e-01 3.350736073214767297e-01
0.000000000000000000e+00 5.560925557932490104e-01 3.288310129891883205e-01
0.000000000000000000e+00 5.472602095748075879e-01 3.230299660441803833e-01
0.000000000000000000e+00 5.382579275216301529e-01 3.174911364093359611e-01
0.000000000000000000e+00 5.292209610457845326e-01 3.120341622616945587e-01
0.000000000000000000e+00 5.202845615593384432e-01 3.064786817782956252e-01
0.000000000000000000e+00 5.115839804743598229e-01 3.006443331361787208e-01
0.000000000000000000e+00 5.032544683053592482e-01 2.943507560217034080e-01
0.000000000000000000e+00 4.954058436157090517e-01 2.874603560762891141e-01
0.000000000000000000e+00 4.880560255579878270e-01 2.799900754946615944e-01
0.000000000000000000e+00 4.812021822639078183e-01 2.719917510504596403e-01
0.000000000000000000e+00 4.748414818651809921e-01 2.635172195173217657e-01
0.000000000000000000e+00 4.689710924935198699e-01 2.546183176688867622e-01
0.000000000000000000e+00 4.635881822806362518e-01 2.453468822787931991e-01
0.000000000000000000e+00 4.586899193582425482e-01 2.357547501206797569e-01
0.000000000000000000e+00 4.542734718580510034e-01 2.258937579681851993e-01
0.000000000000000000e+00 4.503364245030997970e-01 2.158156293535129777e-01
0.000000000000000000e+00 4.468949848804882330e-01 2.055670255818450032e-01
0.000000000000000000e+00 4.439910588638714128e-01 1.951876224291729800e-01
0.000000000000000000e+00 4.416684301669879242e-01 1.847165852208514369e-01
0.000000000000000000e+00 4.399708825035767434e-01 1.741930792822349860e-01
0.000000000000000000e+00 4.389421995873763471e-01 1.636562699386781006e-01
0.000000000000000000e+00 4.386261651321257116e-01 1.531453225155354481e-01
0.000000000000000000e+00 4.390665628515634800e-01 1.426994023381615018e-01
0.000000000000000000e+00 4.403069258087241589e-01 1.323575937195075880e-01
0.000000000000000000e+00 4.423342937620030058e-01 1.221407218639177922e-01
0.000000000000000000e+00 4.450079734053546954e-01 1.120283275808732076e-01
0.000000000000000000e+00 4.481697234747026304e-01 1.019942800330364413e-01
0.000000000000000000e+00 4.516613027059709351e-01 9.201244838307014173e-02
0.000000000000000000e+00 4.553244698350831787e-01 8.205670179363686034e-02
0.000000000000000000e+00 4.590009835979629860e-01 7.210090942739921793e-02
0.000000000000000000e+00 4.625326027305342591e-01 6.211894044701982143e-02
0.000000000000000000e+00 4.657610859687205118e-01 5.208466401516127081e-02
0.000000000000000000e+00 4.685582071689993744e-01 4.197656752930811752e-02
0.000000000000000000e+00 4.709312140219040210e-01 3.179398288019208429e-02
0.000000000000000000e+00 4.729255582040792771e-01 2.154212016179015560e-02
0.000000000000000000e+00 4.745866936015048498e-01 1.122618980801455731e-02
0.000000000000000000e+00 4.759600741001600022e-01 8.514022527775304792e-04
0.000000000000000000e+00 4.770911535860246633e-01 -9.577032070008647396e-03
0.000000000000000000e+00 4.780253859450778187e-01 -2.005390272643172919e-02
0.000000000000000000e+00 4.788082250632993975e-01 -3.057399928257947819e-02
0.000000000000000000e+00 4.794851248266688293e-01 -4.113211130453872655e-02
0.000000000000000000e+00 4.801015391211655436e-01 -5.172302835839903690e-02
0.000000000000000000e+00 4.807029218327691922e-01 -6.234154001024722058e-02
0.000000000000000000e+00 4.813347268474592600e-01 -7.298243582617108816e-02
0.000000000000000000e+00 4.820424080512151210e-01 -8.364050537225829751e-02
0.000000000000000000e+00 4.828718238397728402e-01 -9.430959737304371593e-02
0.000000000000000000e+00 4.838747697977487938e-01 -1.049697513582974889e-01
0.000000000000000000e+00 4.851075536204494387e-01 -1.155905122253039624e-01
0.000000000000000000e+00 4.866265957495256034e-01 -1.261411626367651695e-01
0.000000000000000000e+00 4.884883166266290044e-01 -1.365909852553860993e-01
0.000000000000000000e+00 4.907491366934108035e-01 -1.469092627438688681e-01
0.000000000000000000e+00 4.934654763915220510e-01 -1.570652777649165222e-01
0.000000000000000000e+00 4.966937561626142417e-01 -1.670283129812321077e-01
0.000000000000000000e+00 5.004903964483385925e-01 -1.767676510555187264e-01
0.000000000000000000e+00 5.049113854555347114e-01 -1.862526358276253013e-01
0.000000000000000000e+00 5.099784845820655166e-01 -1.954574554915002593e-01
0.000000000000000000e+00 5.156549901428163496e-01 -2.043645732036984131e-01
0.000000000000000000e+00 5.218984785311663321e-01 -2.129572617003410162e-01
0.000000000000000000e+00 5.286665261404960292e-01 -2.212187937175514596e-01
0.000000000000000000e+00 5.359167093641847845e-01 -2.291324419914509691e-01
0.000000000000000000e+00 5.436066045956116088e-01 -2.366814792581614646e-01
0.000000000000000000e+00 5.516937882281569561e-01 -2.438491782538049768e-01
0.000000000000000000e+00 5.601358366551997259e-01 -2.506188117145033978e-01
0.000000000000000000e+00 5.688903262701198171e-01 -2.569736523763786473e-01
0.000000000000000000e+00 5.779148334662969066e-01 -2.628969729755527562e-01
0.000000000000000000e+00 5.871669346371097831e-01 -2.683720462481472002e-01
0.000000000000000000e+00 5.966042061759392334e-01 -2.733821449302847872e-01
0.000000000000000000e+00 6.061878754719636220e-01 -2.779182518315187478e-01
0.000000000000000000e+00 6.158994994611743934e-01 -2.820142811443411279e-01
0.000000000000000000e+00 6.257276694935151040e-01 -2.857190021449258488e-01
0.000000000000000000e+00 6.356609837078598391e-01 -2.890811984461263973e-01
0.000000000000000000e+00 6.456880402430831278e-01 -2.921496536607962047e-01
0.000000000000000000e+00 6.557974372380597217e-01 -2.949731514017889245e-01
0.000000000000000000e+00 6.659777728316638168e-01 -2.976004752819579879e-01
0.000000000000000000e+00 6.762176451627694984e-01 -3.000804089141567710e-01
0.000000000000000000e+00 6.865056523702524061e-01 -3.024617359112391490e-01
0.000000000000000000e+00 6.968303925929865139e-01 -3.047932398860586645e-01
0.000000000000000000e+00 7.071804639698460182e-01 -3.071237044514684711e-01
0.000000000000000000e+00 7.175444646397056703e-01 -3.095019132203223888e-01
0.000000000000000000e+00 7.279105808509112041e-01 -3.119744133830663069e-01
0.000000000000000000e+00 7.382635668975617849e-01 -3.145691178114497499e-01
0.000000000000000000e+00 7.485864728105029453e-01 -3.173046858201197251e-01
0.000000000000000000e+00 7.588623363068159877e-01 -3.201997098642608286e-01
0.000000000000000000e+00 7.690741951035839907e-01 -3.232727823990581006e-01
0.000000000000000000e+00 7.792050869178873684e-01 -3.265424958796959709e-01
0.000000000000000000e+00 7.892380494668077562e-01 -3.300274427613592021e-01
0.000000000000000000e+00 7.991561204674260122e-01 -3.337462154992321683e-01
0.000000000000000000e+00 8.089423376368245489e-01 -3.377174065484999654e-01
0.000000000000000000e+00 8.185797386920841134e-01 -3.419596083643468010e-01
0.000000000000000000e+00 8.280513613502866743e-01 -3.464914134019577707e-01
0.000000000000000000e+00 8.373402433285126456e-01 -3.513314141165168047e-01
0.000000000000000000e+00 8.464294223438446618e-01 -3.564982029632094984e-01
0.000000000000000000e+00 8.553019361133642473e-01 -3.620103723972200038e-01
0.000000000000000000e+00 8.639415641940859647e-01 -3.678851111048186961e-01
0.000000000000000000e+00 8.723433764937175150e-01 -3.741182432667781721e-01
0.000000000000000000e+00 8.805112325847753718e-01 -3.806889605564124923e-01
0.000000000000000000e+00 8.884492238939306619e-01 -3.875760159140407279e-01
0.000000000000000000e+00 8.961614418478548449e-01 -3.947581622799817835e-01
0.000000000000000000e+00 9.036519778732191588e-01 -4.022141525945544527e-01
0.000000000000000000e+00 9.109249233966947301e-01 -4.099227397980774734e-01
0.000000000000000000e+00 9.179843698449539069e-01 -4.178626768308708050e-01
0.000000000000000000e+00 9.248344086446675938e-01 -4.260127166332527415e-01
0.000000000000000000e+00 9.314791312225070286e-01 -4.343516121455424650e-01
0.000000000000000000e+00 9.379226290051435599e-01 -4.428581163080588801e-01
0.000000000000000000e+00 9.441689934192487588e-01 -4.515109820611208913e-01
0.000000000000000000e+00 9.502221647169609708e-01 -4.602891165479672253e-01
0.000000000000000000e+00 9.560769081640408951e-01 -4.691807856950862554e-01
0.000000000000000000e+00 9.617137073738073472e-01 -4.781888231769871878e-01
0.000000000000000000e+00 9.671118103409710454e-01 -4.873173230391801281e-01
0.000000000000000000e+00 9.722504650602413756e-01 -4.965703793271733502e-01
0.000000000000000000e+00 9.771089195263282789e-01 -5.059520860864755720e-01
0.000000000000000000e+00 9.816664217339415854e-01 -5.154665373625958447e-01
0.000000000000000000e+00 9.859022196777901259e-01 -5.251178272010424974e-01
0.000000000000000000e+00 9.897955613525850627e-01 -5.349100496473250255e-01
0.000000000000000000e+00 9.933256947530350045e-01 -5.448472987469514806e-01
0.000000000000000000e+00 9.964718678738502255e-01 -5.549336685454314688e-01
0.000000000000000000e+00 9.992133287097400007e-01 -5.651732530882722649e-01
0.000000000000000000e+00 1.001529848782224175e+00 -5.755680569512887645e-01
0.000000000000000000e+00 1.003406985322734979e+00 -5.860969931219923712e-01
0.000000000000000000e+00 1.004833890466639623e+00 -5.967246268167766265e-01
0.000000000000000000e+00 1.005799770366354595e+00 -6.074153076623332037e-01
0.000000000000000000e+00 1.006293831174296383e+00 -6.181333852853547750e-01
0.000000000000000000e+00 1.006305279042881695e+00 -6.288432093125332356e-01
0.000000000000000000e+00 1.005823320124526354e+00 -6.395091293705608138e-01
0.000000000000000000e+00 1.004837160571647514e+00 -6.500954950861288495e-01
0.000000000000000000e+00 1.003336006536661884e+00 -6.605666560859313474e-01
0.000000000000000000e+00 1.001309064171985064e+00 -6.708869619966595366e-01
0.000000000000000000e+00 9.987455396300339849e-01 -6.810207624450057562e-01
0.000000000000000000e+00 9.956375404882273905e-01 -6.909351325802347565e-01
0.000000000000000000e+00 9.920163970566771017e-01 -7.006339923582998175e-01
0.000000000000000000e+00 9.879416238364466807e-01 -7.101477372251560061e-01
0.000000000000000000e+00 9.834733531745823987e-01 -7.195073430150750182e-01
0.000000000000000000e+00 9.786717174181305268e-01 -7.287437855623274396e-01
0.000000000000000000e+00 9.735968489141375581e-01 -7.378880407011869647e-01
0.000000000000000000e+00 9.683088800096493198e-01 -7.469710842659241790e-01
0.000000000000000000e+00 9.628679430517126381e-01 -7.560238920908110005e-01
0.000000000000000000e+00 9.573341703873736730e-01 -7.650774400101187922e-01
0.000000000000000000e+00 9.517676943636790288e-01 -7.741627038581198050e-01
0.000000000000000000e+00 9.462286473276749765e-01 -7.833106594690855129e-01
0.000000000000000000e+00 9.407771616264077874e-01 -7.925522826772875007e-01
0.000000000000000000e+00 9.354733696069235105e-01 -8.019185493169973533e-01
0.000000000000000000e+00 9.303767082123827192e-01 -8.114398616582219059e-01
0.000000000000000000e+00 9.254812596730360719e-01 -8.210927178606529653e-01
0.000000000000000000e+00 9.206632045296734290e-01 -8.307563715947515748e-01
0.000000000000000000e+00 9.157863573802761392e-01 -8.402998771878009698e-01
0.000000000000000000e+00 9.107145328228263281e-01 -8.495922889670848299e-01
0.000000000000000000e+00 9.053115454553042341e-01 -8.585026612598855023e-01
0.000000000000000000e+00 8.994412098756922047e-01 -8.669000483934867773e-01
0.000000000000000000e+00 8.929675117883201230e-01 -8.746536784609467707e-01
0.000000000000000000e+00 8.858093682408691993e-01 -8.816885646709067270e-01
0.000000000000000000e+00 8.780190073164794162e-01 -8.880651032586784899e-01
0.000000000000000000e+00 8.696684883600086513e-01 -8.938638299493351091e-01
0.000000000000000000e+00 8.608298707163154484e-01 -8.991652804679504118e-01
0.000000000000000000e+00 8.515752137302582403e-01 -9.040499905395978919e-01
0.000000000000000000e+00 8.419765767466946826e-01 -9.085984958893512653e-01
0.000000000000000000e+00 8.321060191104828752e-01 -9.128913322422843590e-01
0.000000000000000000e+00 8.220356001664808065e-01 -9.170090353234704450e-01
0.000000000000000000e+00 8.118373792595469096e-01 -9.210321408579833502e-01
0.000000000000000000e+00 8.015834157345397282e-01 -9.250411845708965686e-01
0.000000000000000000e+00 7.913457689363160297e-01 -9.291167021872843712e-01
0.000000000000000000e+00 7.811964982097345800e-01 -9.333392294322200300e-01
0.000000000000000000e+00 7.712051694797461554e-01 -9.377857710889773157e-01
0.000000000000000000e+00 7.613911866695083352e-01 -9.424622973315371910e-01
0.000000000000000000e+00 7.517274865166403419e-01 -9.473089759685138223e-01
0.000000000000000000e+00 7.421852526584501453e-01 -9.522634922362301912e-01
0.000000000000000000e+00 7.327356687322472695e-01 -9.572635313710122773e-01
0.000000000000000000e+00 7.233499183753409056e-01 -9.622467786091833952e-01
0.000000000000000000e+00 7.139991852250380244e-01 -9.671509191870691913e-01
0.000000000000000000e+00 7.046546529186484831e-01 -9.719136383409937574e-01
0.000000000000000000e+00 6.952875050934808066e-01 -9.764726213072821848e-01
0.000000000000000000e+00 6.858689253868441860e-01 -9.807655533222586763e-01
0.000000000000000000e+00 6.763700974360470353e-01 -9.847301196222478792e-01
0.000000000000000000e+00 6.667622048783978794e-01 -9.883040054435741073e-01
0.000000000000000000e+00 6.570164313512059096e-01 -9.914248960225622298e-01
0.000000000000000000e+00 6.471066807282584987e-01 -9.940368730103039674e-01
0.000000000000000000e+00 6.370343882291019666e-01 -9.961487557775740020e-01
0.000000000000000000e+00 6.268169836367691872e-01 -9.978069736099073328e-01
0.000000000000000000e+00 6.164720940717843822e-01 -9.990584198158959373e-01
0.000000000000000000e+00 6.060173466546708854e-01 -9.999499877041303497e-01
0.000000000000000000e+00 5.954703685059525853e-01 -1.000528570583201882e+00
0.000000000000000000e+00 5.848487867461530376e-01 -1.000841061761702067e+00
0.000000000000000000e+00 5.741702284957956870e-01 -1.000934354548220773e+00
0.000000000000000000e+00 5.634523208754040891e-01 -1.000855342251349756e+00
0.000000000000000000e+00 5.527126910055032427e-01 -1.000650918179680549e+00
0.000000000000000000e+00 5.419689660066148162e-01 -1.000367975641803797e+00
0.000000000000000000e+00 5.312387729992631424e-01 -1.000053407946309925e+00
0.000000000000000000e+00 5.205380035293087904e-01 -9.997478941047059919e-01
0.000000000000000000e+00 5.098708704819047144e-01 -9.994502971993266538e-01
0.000000000000000000e+00 4.992367701689623960e-01 -9.991422343721924060e-01
0.000000000000000000e+00 4.886350838265409724e-01 -9.988052687856082690e-01
0.000000000000000000e+00 4.780651926906995808e-01 -9.984209636018802625e-01
0.000000000000000000e+00 4.675264779974980245e-01 -9.979708819833129629e-01
0.000000000000000000e+00 4.570183209829936644e-01 -9.974365870922117239e-01
0.000000000000000000e+00 4.465401028832464148e-01 -9.967996420908820099e-01
0.000000000000000000e+00 4.360912049343153019e-01 -9.960416101416287304e-01
0.000000000000000000e+00 4.256710083722594629e-01 -9.951440544067575722e-01
0.000000000000000000e+00 4.152788944331379795e-01 -9.940885380485733336e-01
0.000000000000000000e+00 4.049142443530097668e-01 -9.928566242293817012e-01
0.000000000000000000e+00 3.945764393679339621e-01 -9.914298761114871406e-01
0.000000000000000000e+00 3.842648607139697026e-01 -9.897898568571960043e-01
0.000000000000000000e+00 3.739783013084669872e-01 -9.879253710287452250e-01
0.000000000000000000e+00 3.637126366658591792e-01 -9.858611324343715676e-01
0.000000000000000000e+00 3.534628396600936195e-01 -9.836329651541089181e-01
0.000000000000000000e+00 3.432238828974581990e-01 -9.812766965625079330e-01
0.000000000000000000e+00 3.329907389842407528e-01 -9.788281540341201570e-01
0.000000000000000000e+00 3.227583805267288941e-01 -9.763231649434963577e-01
0.000000000000000000e+00 3.125217801312105692e-01 -9.737975566651883019e-01
0.000000000000000000e+00 3.022759104039733913e-01 -9.712871565737466462e-01
0.000000000000000000e+00 2.920157439513062503e-01 -9.688277920437232682e-01
0.000000000000000000e+00 2.817362533794949275e-01 -9.664552904496684915e-01
0.000000000000000000e+00 2.714324112948282020e-01 -9.642054791661338609e-01
0.000000000000000000e+00 2.610991903035937978e-01 -9.621141855676705879e-01
0.000000000000000000e+00 2.507319121627828440e-01 -9.602151590119926139e-01
0.000000000000000000e+00 2.403322320341986507e-01 -9.585044547559098405e-01
0.000000000000000000e+00 2.299073184079780952e-01 -9.569453147495408096e-01
0.000000000000000000e+00 2.194645239203563414e-01 -9.554998849730137467e-01
0.000000000000000000e+00 2.090112012075692194e-01 -9.541303114064577651e-01
0.000000000000000000e+00 1.985547029058501445e-01 -9.527987400300015342e-01
0.000000000000000000e+00 1.881023816514349467e-01 -9.514673168237736123e-01
0.000000000000000000e+00 1.776615900805587345e-01 -9.500981877679022247e-01
0.000000000000000000e+00 1.672396808294565884e-01 -9.486534988425169290e-01
0.000000000000000000e+00 1.568440065343636169e-01 -9.470953960277459505e-01
0.000000000000000000e+00 1.464819198315147342e-01 -9.453860253037180694e-01
0.000000000000000000e+00 1.361607733571450762e-01 -9.434875326505614002e-01
0.000000000000000000e+00 1.258879197474897793e-01 -9.413620640484052782e-01
0.000000000000000000e+00 1.156698733504386845e-01 -9.389758789437703257e-01
0.000000000000000000e+00 1.055029665773560971e-01 -9.363451993693128195e-01
0.000000000000000000e+00 9.537674929121014999e-02 -9.335195292051871041e-01
0.000000000000000000e+00 8.528064831870205142e-02 -9.305489760683732792e-01
0.000000000000000000e+00 7.520409048653294015e-02 -9.274836475758514442e-01
0.000000000000000000e+00 6.513650262140407987e-02 -9.243736513446022540e-01
0.000000000000000000e+00 5.506731155001667877e-02 -9.212690949916062522e-01
0.000000000000000000e+00 4.498594409907189645e-02 -9.182200861338434272e-01
0.000000000000000000e+00 3.488182709527180153e-02 -9.152767323882944339e-01
0.000000000000000000e+00 2.474438736531504174e-02 -9.124891413719390387e-01
0.000000000000000000e+00 1.456305173590538571e-02 -9.099074207017578964e-01
0.000000000000000000e+00 4.327247033743146509e-03 -9.075816779947313284e-01
0.000000000000000000e+00 -5.973599914468694788e-03 -9.055620208678397676e-01
0.000000000000000000e+00 -1.635006228203243067e-02 -9.038985569380632024e-01
0.000000000000000000e+00 -2.681271324224512864e-02 -9.026413938223822875e-01
0.000000000000000000e+00 -3.737212596840557011e-02 -9.018406391377771225e-01
0.000000000000000000e+00 -4.803887363381258852e-02 -9.015464005012282511e-01
0.000000000000000000e+00 -5.882352941176494099e-02 -9.018087855297156619e-01
