0.000000000000000000e+00 -3.934010152284264650e-01 9.244094488188981940e-01
0.000000000000000000e+00 -3.876686157311399761e-01 9.293327621519968940e-01
0.000000000000000000e+00 -3.816669804533652788e-01 9.336256920960578354e-01
0.000000000000000000e+00 -3.754255774699299941e-01 9.373546083558572661e-01
0.000000000000000000e+00 -3.689738748556614656e-01 9.405858806361705460e-01
0.000000000000000000e+00 -3.623413406853877583e-01 9.433858786417744779e-01
0.000000000000000000e+00 -3.555574430339358827e-01 9.458209720774441998e-01
0.000000000000000000e+00 -3.486516499761340704e-01 9.479575306479568475e-01
0.000000000000000000e+00 -3.416534295868094429e-01 9.498619240580871148e-01
0.000000000000000000e+00 -3.345922499407898432e-01 9.516005220126123598e-01
0.000000000000000000e+00 -3.274975791129027813e-01 9.532396942163076092e-01
0.000000000000000000e+00 -3.203988851779759339e-01 9.548458103739494440e-01
0.000000000000000000e+00 -3.133256362108367554e-01 9.564852401903134460e-01
0.000000000000000000e+00 -3.063073002863130889e-01 9.582243533701761962e-01
0.000000000000000000e+00 -2.993733454792322779e-01 9.601295196183131653e-01
0.000000000000000000e+00 -2.925532398644221654e-01 9.622671086395009343e-01
0.000000000000000000e+00 -2.858764515167100950e-01 9.647034901385145300e-01
0.000000000000000000e+00 -2.793664290114876159e-01 9.674942425450755445e-01
0.000000000000000000e+00 -2.729950441927038174e-01 9.706024816678219258e-01
0.000000000000000000e+00 -2.667079540072536670e-01 9.739443273537407020e-01
0.000000000000000000e+00 -2.604506087406501802e-01 9.774355289638934075e-01
0.000000000000000000e+00 -2.541684586784059285e-01 9.809918358593414656e-01
0.000000000000000000e+00 -2.478069541060339276e-01 9.845289974011461887e-01
0.000000000000000000e+00 -2.413115453090469431e-01 9.879627629503691111e-01
0.000000000000000000e+00 -2.346278326799658975e-01 9.912089277592627257e-01
0.000000000000000000e+00 -2.277299889516399833e-01 9.941920223066810225e-01
0.000000000000000000e+00 -2.206544087521883080e-01 9.968555997468518948e-01
0.000000000000000000e+00 -2.134456740901726768e-01 9.991457163059462854e-01
0.000000000000000000e+00 -2.061483669741549229e-01 1.001008428210136580e+00
0.000000000000000000e+00 -1.988070694126967408e-01 1.002389791685593723e+00
0.000000000000000000e+00 -1.914663634143600190e-01 1.003235862958489211e+00
0.000000000000000000e+00 -1.841708309877063132e-01 1.003492698254994764e+00
0.000000000000000000e+00 -1.769650541412976508e-01 1.003106353801281658e+00
0.000000000000000000e+00 -1.698936148836957261e-01 1.002022885823521836e+00
0.000000000000000000e+00 -1.630010952234622612e-01 1.000188350547886573e+00
0.000000000000000000e+00 -1.563317325680065040e-01 9.975650333227530364e-01
0.000000000000000000e+00 -1.499279929278123924e-01 9.941986441077550474e-01
0.000000000000000000e+00 -1.438317747155377635e-01 9.901616240977861860e-01
0.000000000000000000e+00 -1.380849760854710173e-01 9.855264266557615116e-01
0.000000000000000000e+00 -1.327294951919004706e-01 9.803655051445969715e-01
0.000000000000000000e+00 -1.278072301891142737e-01 9.747513129272071808e-01
0.000000000000000000e+00 -1.233600792314007988e-01 9.687563033665080869e-01
0.000000000000000000e+00 -1.194299404730483349e-01 9.624529298254148602e-01
0.000000000000000000e+00 -1.160490389344085854e-01 9.559074978124684208e-01
0.000000000000000000e+00 -1.132061584900619505e-01 9.491587033934151263e-01
0.000000000000000000e+00 -1.108778934052214449e-01 9.422374954091864430e-01
0.000000000000000000e+00 -1.090408373213851700e-01 9.351748223043063746e-01
0.000000000000000000e+00 -1.076715838800510749e-01 9.280016325232974816e-01
0.000000000000000000e+00 -1.067467267227173028e-01 9.207488745106833239e-01
0.000000000000000000e+00 -1.062428594908818302e-01 9.134474967109874610e-01
0.000000000000000000e+00 -1.061365758260427450e-01 9.061284475687331197e-01
0.000000000000000000e+00 -1.064044693696981209e-01 8.988226755284437486e-01
0.000000000000000000e+00 -1.070218069745662026e-01 8.915596228451607708e-01
0.000000000000000000e+00 -1.079455580354085065e-01 8.843479602395686312e-01
0.000000000000000000e+00 -1.091193618463145304e-01 8.771812259125925104e-01
0.000000000000000000e+00 -1.104865557330214076e-01 8.700526152663913271e-01
0.000000000000000000e+00 -1.119904770212663409e-01 8.629553237031244439e-01
0.000000000000000000e+00 -1.135744630367864494e-01 8.558825466249504466e-01
0.000000000000000000e+00 -1.151818511053189636e-01 8.488274794340286977e-01
0.000000000000000000e+00 -1.167559785526009475e-01 8.417833175325183381e-01
0.000000000000000000e+00 -1.182401827043696174e-01 8.347432563225785085e-01
0.000000000000000000e+00 -1.195778008863621483e-01 8.277004912063682385e-01
0.000000000000000000e+00 -1.207121704243156873e-01 8.206482175860462247e-01
0.000000000000000000e+00 -1.215866286439674232e-01 8.135796308637724961e-01
0.000000000000000000e+00 -1.221484900981005262e-01 8.064883275126335516e-01
0.000000000000000000e+00 -1.223962455497806939e-01 7.993730647093751918e-01
0.000000000000000000e+00 -1.223639111183110195e-01 7.922361820733437865e-01
0.000000000000000000e+00 -1.220862186435149876e-01 7.850800913984664620e-01
0.000000000000000000e+00 -1.215978999652159998e-01 7.779072044786703444e-01
0.000000000000000000e+00 -1.209336869232374712e-01 7.707199331078823379e-01
0.000000000000000000e+00 -1.201283113574028311e-01 7.635206890800299018e-01
0.000000000000000000e+00 -1.192165051075355087e-01 7.563118841890394961e-01
0.000000000000000000e+00 -1.182330000134589748e-01 7.490959302288385802e-01
0.000000000000000000e+00 -1.172125279149965615e-01 7.418752389933537250e-01
0.000000000000000000e+00 -1.161898206519717536e-01 7.346522222765127230e-01
0.000000000000000000e+00 -1.151996100642080079e-01 7.274292918722421453e-01
0.000000000000000000e+00 -1.142766279915286565e-01 7.202088595744690069e-01
0.000000000000000000e+00 -1.134492597043211398e-01 7.129929949168463121e-01
0.000000000000000000e+00 -1.127143087465711790e-01 7.057820642813533718e-01
0.000000000000000000e+00 -1.120587740024843043e-01 6.985759053004494401e-01
0.000000000000000000e+00 -1.114696513156967494e-01 6.913743554426204918e-01
0.000000000000000000e+00 -1.109339365298446789e-01 6.841772521763527237e-01
0.000000000000000000e+00 -1.104386254885642710e-01 6.769844329701318886e-01
0.000000000000000000e+00 -1.099707140354917040e-01 6.697957352924445162e-01
0.000000000000000000e+00 -1.095171980142631701e-01 6.626109966117762484e-01
0.000000000000000000e+00 -1.090650732685148061e-01 6.554300543966131709e-01
0.000000000000000000e+00 -1.086013356418828596e-01 6.482527461154417026e-01
0.000000000000000000e+00 -1.081129809780034118e-01 6.410789092367472630e-01
0.000000000000000000e+00 -1.075870051205127381e-01 6.339083812290163822e-01
0.000000000000000000e+00 -1.070104039130469753e-01 6.267409995607350348e-01
0.000000000000000000e+00 -1.063703273978224284e-01 6.195765991440501663e-01
0.000000000000000000e+00 -1.056624517046693551e-01 6.124148735437058289e-01
0.000000000000000000e+00 -1.048952671310568879e-01 6.052553038882847458e-01
0.000000000000000000e+00 -1.040783206676762357e-01 5.980973537882711133e-01
0.000000000000000000e+00 -1.032211593052187321e-01 5.909404868541493494e-01
0.000000000000000000e+00 -1.023333300343756830e-01 5.837841666964035392e-01
0.000000000000000000e+00 -1.014243798458383389e-01 5.766278569255178788e-01
0.000000000000000000e+00 -1.005038557302980334e-01 5.694710211519768972e-01
0.000000000000000000e+00 -9.958130467844605871e-02 5.623131229862643465e-01
0.000000000000000000e+00 -9.866627368097367901e-02 5.551536260388647559e-01
0.000000000000000000e+00 -9.776830972857225577e-02 5.479919939202620993e-01
0.000000000000000000e+00 -9.689695981193299779e-02 5.408276902409411280e-01
0.000000000000000000e+00 -9.606153604638970056e-02 5.336601961282115836e-01
0.000000000000000000e+00 -9.526500943309118563e-02 5.264894656248685356e-01
0.000000000000000000e+00 -9.450343968464104683e-02 5.193159682123624776e-01
0.000000000000000000e+00 -9.377253733833318394e-02 5.121401994133742974e-01
0.000000000000000000e+00 -9.306801293146137188e-02 5.049626547505841057e-01
0.000000000000000000e+00 -9.238557700131939943e-02 4.977838297466725681e-01
0.000000000000000000e+00 -9.172094008520111086e-02 4.906042199243200175e-01
0.000000000000000000e+00 -9.106981272040032271e-02 4.834243208062068975e-01
0.000000000000000000e+00 -9.042790544421080989e-02 4.762446279150134854e-01
0.000000000000000000e+00 -8.979092879392643056e-02 4.690656367734206689e-01
0.000000000000000000e+00 -8.915459330684095962e-02 4.618878429041083922e-01
0.000000000000000000e+00 -8.851460689140919214e-02 4.547117299481269193e-01
0.000000000000000000e+00 -8.786661571447063057e-02 4.475375024913786359e-01
0.000000000000000000e+00 -8.720620348261058641e-02 4.403650828165678877e-01
0.000000000000000000e+00 -8.652895112984132497e-02 4.331943806751307746e-01
0.000000000000000000e+00 -8.583043959017533364e-02 4.260253058185039521e-01
0.000000000000000000e+00 -8.510624979762494713e-02 4.188577679981233537e-01
0.000000000000000000e+00 -8.435196268620259730e-02 4.116916769654255237e-01
0.000000000000000000e+00 -8.356315918992061886e-02 4.045269424718466733e-01
0.000000000000000000e+00 -8.273542024279141593e-02 3.973634742688230692e-01
0.000000000000000000e+00 -8.186432677882736486e-02 3.902011821077909226e-01
0.000000000000000000e+00 -8.094545973204086975e-02 3.830399757401865557e-01
0.000000000000000000e+00 -7.997440003644429307e-02 3.758797649174462352e-01
0.000000000000000000e+00 -7.894672862605005281e-02 3.687204593910063388e-01
0.000000000000000000e+00 -7.785769207740561582e-02 3.615623786168135623e-01
0.000000000000000000e+00 -7.669962460702089979e-02 3.544094107076206090e-01
0.000000000000000000e+00 -7.546335993778208184e-02 3.472672824042057349e-01
0.000000000000000000e+00 -7.413971936378112304e-02 3.401417356769547706e-01
0.000000000000000000e+00 -7.271952417910990119e-02 3.330385124962534360e-01
0.000000000000000000e+00 -7.119359567786037735e-02 3.259633548324876173e-01
0.000000000000000000e+00 -6.955275515412447096e-02 3.189220046560430344e-01
0.000000000000000000e+00 -6.778782390199411534e-02 3.119202039373053514e-01
0.000000000000000000e+00 -6.588962321556127155e-02 3.049636946466607323e-01
0.000000000000000000e+00 -6.384897438891783128e-02 2.980582187544947304e-01
0.000000000000000000e+00 -6.165669871615574865e-02 2.912095182311931763e-01
0.000000000000000000e+00 -5.930361749136698474e-02 2.844233350471419564e-01
0.000000000000000000e+00 -5.678117106585454238e-02 2.777050743275331079e-01
0.000000000000000000e+00 -5.408923304692184186e-02 2.710555524427554763e-01
0.000000000000000000e+00 -5.123376919971300847e-02 2.644722708610351414e-01
0.000000000000000000e+00 -4.822088055121542816e-02 2.579526574510974668e-01
0.000000000000000000e+00 -4.505666812841638280e-02 2.514941400816676498e-01
0.000000000000000000e+00 -4.174723295830325143e-02 2.450941466214709985e-01
0.000000000000000000e+00 -3.829867606786330897e-02 2.387501049392326824e-01
0.000000000000000000e+00 -3.471709848408392751e-02 2.324594429036780097e-01
0.000000000000000000e+00 -3.100860123395232648e-02 2.262195883835321220e-01
0.000000000000000000e+00 -2.717928534445603755e-02 2.200279692475206050e-01
0.000000000000000000e+00 -2.323525184258229404e-02 2.138820133643684063e-01
0.000000000000000000e+00 -1.918255112529370504e-02 2.077792387814796915e-01
0.000000000000000000e+00 -1.502235836897280151e-02 2.017258469500896323e-01
0.000000000000000000e+00 -1.074698812725925941e-02 1.957438212464167882e-01
0.000000000000000000e+00 -6.347816914270485757e-03 1.898568158174370468e-01
0.000000000000000000e+00 -1.816221244123890615e-03 1.840884848101263793e-01
0.000000000000000000e+00 2.856422369063118128e-03 1.784624823714607567e-01
0.000000000000000000e+00 7.678737411173129114e-03 1.730024626484162054e-01
0.000000000000000000e+00 1.265934736808873792e-02 1.677320797879686687e-01
0.000000000000000000e+00 1.780687572569251975e-02 1.626749879370940899e-01
0.000000000000000000e+00 2.312994596986708493e-02 1.578548412427684955e-01
0.000000000000000000e+00 2.863718158649500994e-02 1.532952938519678288e-01
0.000000000000000000e+00 3.433720606145888865e-02 1.490199999116680607e-01
0.000000000000000000e+00 4.023843399851344260e-02 1.450522459098007311e-01
0.000000000000000000e+00 4.633907494602561988e-02 1.413973561421727199e-01
0.000000000000000000e+00 5.262273110526583669e-02 1.380349441205709904e-01
0.000000000000000000e+00 5.907187968188698513e-02 1.349426432217770977e-01
0.000000000000000000e+00 6.566899788154251238e-02 1.320980868225720140e-01
0.000000000000000000e+00 7.239656290988571996e-02 1.294789082997370444e-01
0.000000000000000000e+00 7.923705197256984689e-02 1.270627410300533833e-01
0.000000000000000000e+00 8.617294227524818773e-02 1.248272183903022109e-01
0.000000000000000000e+00 9.318671102357400926e-02 1.227499737572647215e-01
0.000000000000000000e+00 1.002608354232005644e-01 1.208086405077221509e-01
0.000000000000000000e+00 1.073777926797811755e-01 1.189808520184557489e-01
0.000000000000000000e+00 1.145200599989690954e-01 1.172442416662466819e-01
0.000000000000000000e+00 1.216701145864175632e-01 1.155764428278761302e-01
0.000000000000000000e+00 1.288111996545777682e-01 1.139559169684983692e-01
0.000000000000000000e+00 1.359370454387114069e-01 1.123724625044285191e-01
0.000000000000000000e+00 1.430489839389435525e-01 1.108240957073780564e-01
0.000000000000000000e+00 1.501485173178533916e-01 1.093090168024516001e-01
0.000000000000000000e+00 1.572371477380199167e-01 1.078254260147537280e-01
0.000000000000000000e+00 1.643163773620223145e-01 1.063715235693891287e-01
0.000000000000000000e+00 1.713877083524399103e-01 1.049455096914623103e-01
0.000000000000000000e+00 1.784526428718513635e-01 1.035455846060780172e-01
0.000000000000000000e+00 1.855126830828359996e-01 1.021699485383408129e-01
0.000000000000000000e+00 1.925693311479728942e-01 1.008168017133553029e-01
0.000000000000000000e+00 1.996240892298412062e-01 9.948434435622614813e-02
0.000000000000000000e+00 2.066784594910200390e-01 9.817077669205793999e-02
0.000000000000000000e+00 2.137339440940884960e-01 9.687429894595532553e-02
0.000000000000000000e+00 2.207920452016257085e-01 9.559311134302288238e-02
0.000000000000000000e+00 2.278542649762106687e-01 9.432541410836524365e-02
0.000000000000000000e+00 2.349221055804226466e-01 9.306940746708704248e-02
0.000000000000000000e+00 2.419970691768406901e-01 9.182329164429291202e-02
0.000000000000000000e+00 2.490806579280438471e-01 9.058526686508742987e-02
0.000000000000000000e+00 2.561743604290022125e-01 8.935359801599655760e-02
0.000000000000000000e+00 2.632788524372016714e-01 8.813042385893521402e-02
0.000000000000000000e+00 2.703935505124893113e-01 8.692388432436597145e-02
0.000000000000000000e+00 2.775177629784621458e-01 8.574263518232973225e-02
0.000000000000000000e+00 2.846507981587171887e-01 8.459533220286730160e-02
0.000000000000000000e+00 2.917919643768518423e-01 8.349063115601949858e-02
0.000000000000000000e+00 2.989405699564626762e-01 8.243718781182726718e-02
0.000000000000000000e+00 3.060959232211467596e-01 8.144365794033132933e-02
0.000000000000000000e+00 3.132573324945013837e-01 8.051869731157261512e-02
0.000000000000000000e+00 3.204241061001235624e-01 7.967096169559194363e-02
0.000000000000000000e+00 3.275955523616101428e-01 7.890910686243012007e-02
0.000000000000000000e+00 3.347709796025583606e-01 7.824178858212804677e-02
0.000000000000000000e+00 3.419496961465653406e-01 7.767766262472652894e-02
0.000000000000000000e+00 3.491310103172279300e-01 7.722538476026641341e-02
0.000000000000000000e+00 3.563143560497744056e-01 7.689126102393852025e-02
0.000000000000000000e+00 3.634999756920185288e-01 7.666647500400902704e-02
0.000000000000000000e+00 3.706884317952713892e-01 7.653622045077608516e-02
0.000000000000000000e+00 3.778802877098928481e-01 7.648567616725891749e-02
0.000000000000000000e+00 3.850761067862427112e-01 7.650002095647683020e-02
0.000000000000000000e+00 3.922764523746807841e-01 7.656443362144906006e-02
0.000000000000000000e+00 3.994818878255667616e-01 7.666409296519485772e-02
0.000000000000000000e+00 4.066929764892606158e-01 7.678417779073352933e-02
0.000000000000000000e+00 4.139102817161220416e-01 7.690986690108431167e-02
0.000000000000000000e+00 4.211343668565105669e-01 7.702633909926645539e-02
0.000000000000000000e+00 4.283657952607862196e-01 7.711877318829921113e-02
0.000000000000000000e+00 4.356051302793086943e-01 7.717234797120187118e-02
0.000000000000000000e+00 4.428529352624378523e-01 7.717224225099368617e-02
0.000000000000000000e+00 4.501094978621191789e-01 7.710650302358409980e-02
0.000000000000000000e+00 4.573731907764367333e-01 7.698309926039113849e-02
0.000000000000000000e+00 4.646415741574407288e-01 7.681845315068336344e-02
0.000000000000000000e+00 4.719122052085851227e-01 7.662901755907601531e-02
0.000000000000000000e+00 4.791826411333235947e-01 7.643124535018445964e-02
0.000000000000000000e+00 4.864504391351099355e-01 7.624158938862399260e-02
0.000000000000000000e+00 4.937131564173978249e-01 7.607650253900989645e-02
0.000000000000000000e+00 5.009683501836410535e-01 7.595243766595749513e-02
0.000000000000000000e+00 5.082135776372933567e-01 7.588584763408209866e-02
0.000000000000000000e+00 5.154463959818085250e-01 7.589318530799897544e-02
0.000000000000000000e+00 5.226643624206401828e-01 7.599090355232344940e-02
0.000000000000000000e+00 5.298650341572422873e-01 7.619545523167084444e-02
0.000000000000000000e+00 5.370459683950686847e-01 7.652329321065647061e-02
0.000000000000000000e+00 5.442047223375727771e-01 7.699087035389558242e-02
0.000000000000000000e+00 5.513388531882082999e-01 7.761463952600353156e-02
0.000000000000000000e+00 5.584459181504293213e-01 7.841105359159558641e-02
0.000000000000000000e+00 5.655234744276894654e-01 7.939656541528708478e-02
0.000000000000000000e+00 5.725690892503525475e-01 8.058756381726388252e-02
0.000000000000000000e+00 5.795821258945071941e-01 8.198896581619057045e-02
0.000000000000000000e+00 5.865658039218043518e-01 8.358105735258963831e-02
0.000000000000000000e+00 5.935238420571419260e-01 8.534093608418366617e-02
0.000000000000000000e+00 6.004599590254176000e-01 8.724569966869531734e-02
0.000000000000000000e+00 6.073778735515289462e-01 8.927244576384715802e-02
0.000000000000000000e+00 6.142813043603738699e-01 9.139827202736180989e-02
0.000000000000000000e+00 6.211739701768498323e-01 9.360027611696185301e-02
0.000000000000000000e+00 6.280595897258550719e-01 9.585555569036996459e-02
0.000000000000000000e+00 6.349418817322866060e-01 9.814120840530866918e-02
0.000000000000000000e+00 6.418245649210427839e-01 1.004343319195006301e-01
0.000000000000000000e+00 6.487113580170206228e-01 1.027120238906684135e-01
0.000000000000000000e+00 6.556059797451188054e-01 1.049513819765347106e-01
0.000000000000000000e+00 6.625118981770269366e-01 1.071310817666662335e-01
0.000000000000000000e+00 6.694303688045460943e-01 1.092437276581223332e-01
0.000000000000000000e+00 6.763614946144791418e-01 1.112891793883486191e-01
0.000000000000000000e+00 6.833053686658441261e-01 1.132673591929650864e-01
0.000000000000000000e+00 6.902620840176596495e-01 1.151781893075917440e-01
0.000000000000000000e+00 6.972317337289437589e-01 1.170215919678486288e-01
0.000000000000000000e+00 7.042144108587145013e-01 1.187974894093557082e-01
0.000000000000000000e+00 7.112102084659910339e-01 1.205058038677330606e-01
0.000000000000000000e+00 7.182192196097908488e-01 1.221464575786006257e-01
0.000000000000000000e+00 7.252415373491325479e-01 1.237193727775784957e-01
0.000000000000000000e+00 7.322772615949884045e-01 1.252245193376100574e-01
0.000000000000000000e+00 7.393266197963663799e-01 1.266627538232563688e-01
0.000000000000000000e+00 7.463899521873618159e-01 1.280357169227563374e-01
0.000000000000000000e+00 7.534676028894511379e-01 1.293450763508572354e-01
0.000000000000000000e+00 7.605599160241106604e-01 1.305924998223064182e-01
0.000000000000000000e+00 7.676672357128168089e-01 1.317796550518510745e-01
0.000000000000000000e+00 7.747899060770461199e-01 1.329082097542386709e-01
0.000000000000000000e+00 7.819282712382744638e-01 1.339798316442164239e-01
0.000000000000000000e+00 7.890826753179783770e-01 1.349961884365316334e-01
0.000000000000000000e+00 7.962534624376345072e-01 1.359589478459316547e-01
0.000000000000000000e+00 8.034409767187187246e-01 1.368697775871637601e-01
0.000000000000000000e+00 8.106449050630735176e-01 1.377275654884931311e-01
0.000000000000000000e+00 8.178607001438161772e-01 1.385132895736373437e-01
0.000000000000000000e+00 8.250821358762915336e-01 1.392008271106522643e-01
0.000000000000000000e+00 8.323029819627564274e-01 1.397640375472109231e-01
0.000000000000000000e+00 8.395170081054681432e-01 1.401767803309863225e-01
0.000000000000000000e+00 8.467179840066839658e-01 1.404129149096515483e-01
0.000000000000000000e+00 8.538996793686607356e-01 1.404463007308796030e-01
0.000000000000000000e+00 8.610558638936554043e-01 1.402507972423434612e-01
0.000000000000000000e+00 8.681817918356288244e-01 1.398023432623285156e-01
0.000000000000000000e+00 8.752862866010580056e-01 1.390958835466781507e-01
0.000000000000000000e+00 8.823854428235529124e-01 1.381365474584686226e-01
0.000000000000000000e+00 8.894954242611694539e-01 1.369295611814794478e-01
0.000000000000000000e+00 8.966323946719628735e-01 1.354801508994904757e-01
0.000000000000000000e+00 9.038125169521262769e-01 1.337935423802203982e-01
0.000000000000000000e+00 9.110313714004198982e-01 1.318650252287718594e-01
0.000000000000000000e+00 9.182106187022720523e-01 1.296542046668213710e-01
0.000000000000000000e+00 9.252553314433251686e-01 1.271126780804214540e-01
0.000000000000000000e+00 9.320705822092232307e-01 1.241920428556242267e-01
0.000000000000000000e+00 9.385614435856088900e-01 1.208438963784822656e-01
0.000000000000000000e+00 9.446329881581254639e-01 1.170198360350474809e-01
0.000000000000000000e+00 9.501902885124159370e-01 1.126714592113726571e-01
0.000000000000000000e+00 9.551385974400122825e-01 1.077504956008059345e-01
0.000000000000000000e+00 9.594360119161412515e-01 1.022474731354578309e-01
0.000000000000000000e+00 9.631666913798867524e-01 9.624547490165941133e-02
0.000000000000000000e+00 9.664331931944522003e-01 8.984109175523792568e-02
0.000000000000000000e+00 9.693380747230391226e-01 8.313091455202195612e-02
0.000000000000000000e+00 9.719838933288506011e-01 7.621153414783868318e-02
0.000000000000000000e+00 9.744732063750878304e-01 6.917954139851677231e-02
0.000000000000000000e+00 9.769085712249535591e-01 6.213152715988325830e-02
0.000000000000000000e+00 9.793757957740469866e-01 5.515015785092520356e-02
0.000000000000000000e+00 9.818696099048899173e-01 4.824238345170292486e-02
0.000000000000000000e+00 9.843539347119446559e-01 4.138954148499601748e-02
0.000000000000000000e+00 9.867926669486353219e-01 3.457294923799773823e-02
0.000000000000000000e+00 9.891497033683851470e-01 2.777392399790298491e-02
0.000000000000000000e+00 9.913889407246178065e-01 2.097378305190498657e-02
0.000000000000000000e+00 9.934742757707568650e-01 1.415384368719867919e-02
0.000000000000000000e+00 9.953696052602256650e-01 7.295423190977283132e-03
0.000000000000000000e+00 9.970388259464479930e-01 3.798388504357118334e-04
0.000000000000000000e+00 9.984488555615941285e-01 -6.609782719526790390e-03
0.000000000000000000e+00 9.995957912822978075e-01 -1.367283872104534982e-02
0.000000000000000000e+00 1.000492072317976433e+00 -2.079893876912988770e-02
0.000000000000000000e+00 1.001150317644551091e+00 -2.797758481285262180e-02
0.000000000000000000e+00 1.001583146237941424e+00 -3.519827880128397618e-02
0.000000000000000000e+00 1.001803177074067630e+00 -4.245052268349615299e-02
0.000000000000000000e+00 1.001823029128850129e+00 -4.972381840855959884e-02
0.000000000000000000e+00 1.001655321378209784e+00 -5.700766792554651935e-02
0.000000000000000000e+00 1.001312672798066350e+00 -6.429157318352735073e-02
0.000000000000000000e+00 1.000807702364340468e+00 -7.156503613157427779e-02
0.000000000000000000e+00 1.000153029052951892e+00 -7.881755871875775754e-02
0.000000000000000000e+00 9.993607556940919956e-01 -8.603965355178880281e-02
0.000000000000000000e+00 9.984390840619336016e-01 -9.322947183988132547e-02
0.000000000000000000e+00 9.973944330688290227e-01 -1.003886557887194858e-01
0.000000000000000000e+00 9.962332124533974653e-01 -1.075188655669405413e-01
0.000000000000000000e+00 9.949618319542581357e-01 -1.146217613431835258e-01
0.000000000000000000e+00 9.935867013100301293e-01 -1.216990032860856830e-01
0.000000000000000000e+00 9.921142302593337625e-01 -1.287522515642861576e-01
0.000000000000000000e+00 9.905508285407877977e-01 -1.357831663464226235e-01
0.000000000000000000e+00 9.889029058930122185e-01 -1.427934078011328378e-01
0.000000000000000000e+00 9.871768720546258979e-01 -1.497846360970558066e-01
0.000000000000000000e+00 9.853791367642489307e-01 -1.567585114028288984e-01
0.000000000000000000e+00 9.835162125612272321e-01 -1.637167142031502876e-01
0.000000000000000000e+00 9.815957919375052354e-01 -1.706611581715999360e-01
0.000000000000000000e+00 9.796263215327718488e-01 -1.775939060206881415e-01
0.000000000000000000e+00 9.776162602401499147e-01 -1.845170228845159077e-01
0.000000000000000000e+00 9.755740669527611653e-01 -1.914325738971858759e-01
0.000000000000000000e+00 9.735082005637289981e-01 -1.983426241927991607e-01
0.000000000000000000e+00 9.714271199661750344e-01 -2.052492389054584587e-01
0.000000000000000000e+00 9.693392840532224497e-01 -2.121544831692648847e-01
0.000000000000000000e+00 9.672531517179928651e-01 -2.190604221183210243e-01
0.000000000000000000e+00 9.651771818536090120e-01 -2.259691208867279089e-01
0.000000000000000000e+00 9.631194564835654504e-01 -2.328825539392525013e-01
0.000000000000000000e+00 9.610835031340623225e-01 -2.398015999950382504e-01
0.000000000000000000e+00 9.590698264626835723e-01 -2.467264105151300846e-01
0.000000000000000000e+00 9.570788768105519262e-01 -2.536571238928229666e-01
0.000000000000000000e+00 9.551111045187901105e-01 -2.605938785214120812e-01
0.000000000000000000e+00 9.531669599285200745e-01 -2.675368127941936680e-01
0.000000000000000000e+00 9.512468933808648774e-01 -2.744860651044623845e-01
0.000000000000000000e+00 9.493513552169465797e-01 -2.814417738455144979e-01
0.000000000000000000e+00 9.474807957778877965e-01 -2.884040774106447769e-01
0.000000000000000000e+00 9.456355718971112267e-01 -2.953730893003554958e-01
0.000000000000000000e+00 9.438145166923633811e-01 -3.023485173850199992e-01
0.000000000000000000e+00 9.420152231601532922e-01 -3.093297394008918677e-01
0.000000000000000000e+00 9.402352482633378195e-01 -3.163161234916624376e-01
0.000000000000000000e+00 9.384721489647741555e-01 -3.233070378010248214e-01
0.000000000000000000e+00 9.367234822273197148e-01 -3.303018504726705218e-01
0.000000000000000000e+00 9.349868050138312459e-01 -3.372999296502924294e-01
0.000000000000000000e+00 9.332596742871661633e-01 -3.443006434775821578e-01
0.000000000000000000e+00 9.315396470101814375e-01 -3.513033600982328197e-01
0.000000000000000000e+00 9.298242801457342610e-01 -3.583074476559355848e-01
0.000000000000000000e+00 9.281111306566818264e-01 -3.653122742943838985e-01
0.000000000000000000e+00 9.263977555058811042e-01 -3.723172081572692083e-01
0.000000000000000000e+00 9.246817116561896199e-01 -3.793216173882837383e-01
0.000000000000000000e+00 9.229606948355706386e-01 -3.863249029941768220e-01
0.000000000000000000e+00 9.212352998852018082e-01 -3.933271525643957656e-01
0.000000000000000000e+00 9.195088670164652811e-01 -4.003291038608891017e-01
0.000000000000000000e+00 9.177848444286261786e-01 -4.073315202198417584e-01
0.000000000000000000e+00 9.160666803209495113e-01 -4.143351649774411061e-01
0.000000000000000000e+00 9.143578228927002893e-01 -4.213408014698719062e-01
0.000000000000000000e+00 9.126617203431439673e-01 -4.283491930333213626e-01
0.000000000000000000e+00 9.109818208715450005e-01 -4.353611030039744034e-01
0.000000000000000000e+00 9.093215726771688434e-01 -4.423772947180180104e-01
0.000000000000000000e+00 9.076844239592807284e-01 -4.493985315116374446e-01
0.000000000000000000e+00 9.060738229171452218e-01 -4.564255767210193548e-01
0.000000000000000000e+00 9.044932177500277781e-01 -4.634591936823490022e-01
0.000000000000000000e+00 9.029459832063654323e-01 -4.705001297135547045e-01
0.000000000000000000e+00 9.014325562087431853e-01 -4.775484914474082965e-01
0.000000000000000000e+00 8.999495089592538521e-01 -4.846035426930560552e-01
0.000000000000000000e+00 8.984931504494191312e-01 -4.916644898583143464e-01
0.000000000000000000e+00 8.970597896707618313e-01 -4.987305393510000351e-01
0.000000000000000000e+00 8.956457356148036508e-01 -5.058008975789310968e-01
0.000000000000000000e+00 8.942472972730667324e-01 -5.128747709499238416e-01
0.000000000000000000e+00 8.928607836370733297e-01 -5.199513658717959119e-01
0.000000000000000000e+00 8.914825036983453632e-01 -5.270298887523640063e-01
0.000000000000000000e+00 8.901087664484050865e-01 -5.341095459994459338e-01
0.000000000000000000e+00 8.887358808787746423e-01 -5.411895440208578378e-01
0.000000000000000000e+00 8.873600334717426374e-01 -5.482690599515981367e-01
0.000000000000000000e+00 8.859761499651763739e-01 -5.553469696796221600e-01
0.000000000000000000e+00 8.845784141387211807e-01 -5.624219718065821549e-01
0.000000000000000000e+00 8.831610002523710978e-01 -5.694927626594677994e-01
0.000000000000000000e+00 8.817180825661200538e-01 -5.765580385652702144e-01
0.000000000000000000e+00 8.802438353399621995e-01 -5.836164958509787448e-01
0.000000000000000000e+00 8.787324328338913526e-01 -5.906668308435841785e-01
0.000000000000000000e+00 8.771780493079019969e-01 -5.977077398700766375e-01
0.000000000000000000e+00 8.755748590219878391e-01 -6.047379192574467988e-01
0.000000000000000000e+00 8.739170362361426969e-01 -6.117560653326842290e-01
0.000000000000000000e+00 8.721987552103612762e-01 -6.187608744227792723e-01
0.000000000000000000e+00 8.704141918561808522e-01 -6.257510432002377776e-01
0.000000000000000000e+00 8.685616702278977641e-01 -6.327261361596919764e-01
0.000000000000000000e+00 8.666526105551471959e-01 -6.396884576124604038e-01
0.000000000000000000e+00 8.647010112199292609e-01 -6.466408512383915452e-01
0.000000000000000000e+00 8.627208706042446273e-01 -6.535861607173363286e-01
0.000000000000000000e+00 8.607261870900942968e-01 -6.605272297291434613e-01
0.000000000000000000e+00 8.587309590594787156e-01 -6.674669019536643155e-01
0.000000000000000000e+00 8.567491848943985522e-01 -6.744080210707468215e-01
0.000000000000000000e+00 8.547948629768543638e-01 -6.813534307602422402e-01
0.000000000000000000e+00 8.528819916888471520e-01 -6.883059747019993901e-01
0.000000000000000000e+00 8.510245694123770299e-01 -6.952684965758689772e-01
0.000000000000000000e+00 8.492365945294449991e-01 -7.022438400616995979e-01
0.000000000000000000e+00 8.475320654220517280e-01 -7.092348488393422912e-01
0.000000000000000000e+00 8.459249804721975519e-01 -7.162443665886456534e-01
0.000000000000000000e+00 8.444286951509224481e-01 -7.232751880208977413e-01
0.000000000000000000e+00 8.430424647147067851e-01 -7.303290338771323276e-01
0.000000000000000000e+00 8.417518154919860773e-01 -7.374065792078918768e-01
0.000000000000000000e+00 8.405417051741117529e-01 -7.445084557523703461e-01
0.000000000000000000e+00 8.393970914524363502e-01 -7.516352952497606932e-01
0.000000000000000000e+00 8.383029320183117417e-01 -7.587877294392570970e-01
0.000000000000000000e+00 8.372441037875477665e-01 -7.659663197705048887e-01
0.000000000000000000e+00 8.361994432575999836e-01 -7.731663714205253557e-01
0.000000000000000000e+00 8.351376644260138926e-01 -7.803743811335343006e-01
0.000000000000000000e+00 8.340265152439279017e-01 -7.875760050160669490e-01
0.000000000000000000e+00 8.328337436624817514e-01 -7.947568991746576383e-01
0.000000000000000000e+00 8.315270976328136276e-01 -8.019027197158415943e-01
0.000000000000000000e+00 8.300743251060628269e-01 -8.089991227461528212e-01
0.000000000000000000e+00 8.284431740333679794e-01 -8.160317643721267666e-01
0.000000000000000000e+00 8.266013923658680485e-01 -8.229863007002974351e-01
0.000000000000000000e+00 8.245167280547018862e-01 -8.298483878372001632e-01
0.000000000000000000e+00 8.221569290510084560e-01 -8.366036818893692883e-01
0.000000000000000000e+00 8.194897549543698201e-01 -8.432378422292567954e-01
0.000000000000000000e+00 8.164951247194972561e-01 -8.497399373924036103e-01
0.000000000000000000e+00 8.131881285700445217e-01 -8.561088970122974207e-01
0.000000000000000000e+00 8.095901789316809483e-01 -8.623454233014433701e-01
0.000000000000000000e+00 8.057226882300767556e-01 -8.684502184723456031e-01
0.000000000000000000e+00 8.016070688909019415e-01 -8.744239847375098185e-01
0.000000000000000000e+00 7.972647333398263925e-01 -8.802674243094394946e-01
0.000000000000000000e+00 7.927170940025199952e-01 -8.859812394006406633e-01
0.000000000000000000e+00 7.879855633046533026e-01 -8.915661322236170250e-01
0.000000000000000000e+00 7.830897761186148553e-01 -8.970207356694130940e-01
0.000000000000000000e+00 7.780341648810522592e-01 -9.023259848605236222e-01
0.000000000000000000e+00 7.728154469125534387e-01 -9.074538334416977214e-01
0.000000000000000000e+00 7.674302790550620035e-01 -9.123761646520532897e-01
0.000000000000000000e+00 7.618753181505210081e-01 -9.170648617307096684e-01
0.000000000000000000e+00 7.561472210408745065e-01 -9.214918079167847553e-01
0.000000000000000000e+00 7.502426445680643319e-01 -9.256288864493971147e-01
0.000000000000000000e+00 7.441582455740347601e-01 -9.294479805676645334e-01
0.000000000000000000e+00 7.378906809007285128e-01 -9.329209735107064638e-01
0.000000000000000000e+00 7.314391024188509061e-01 -9.360263240798462059e-01
0.000000000000000000e+00 7.248275084618757136e-01 -9.388079730716426541e-01
0.000000000000000000e+00 7.180941510286541485e-01 -9.413474263259007380e-01
0.000000000000000000e+00 7.112774512648382119e-01 -9.437266354629784137e-01
0.000000000000000000e+00 7.044158303160779067e-01 -9.460275521032335266e-01
0.000000000000000000e+00 6.975477093280253449e-01 -9.483321278670234777e-01
0.000000000000000000e+00 6.907115094463309735e-01 -9.507223143747073335e-01
0.000000000000000000e+00 6.839455741387079346e-01 -9.532798895149431351e-01
0.000000000000000000e+00 6.772713942179181545e-01 -9.560489391311506324e-01
0.000000000000000000e+00 6.706726691801682128e-01 -9.589890263599413212e-01
0.000000000000000000e+00 6.641279554043276745e-01 -9.620482114256627693e-01
0.000000000000000000e+00 6.576158092692667712e-01 -9.651745545526611014e-01
0.000000000000000000e+00 6.511147871538555121e-01 -9.683161159652849959e-01
0.000000000000000000e+00 6.446034454369641287e-01 -9.714209558878805773e-01
0.000000000000000000e+00 6.380603404974618531e-01 -9.744371345447960797e-01
0.000000000000000000e+00 6.314640287142195829e-01 -9.773127121603779610e-01
0.000000000000000000e+00 6.247930664661065503e-01 -9.799957489589737891e-01
0.000000000000000000e+00 6.180269720474428352e-01 -9.824360843745463256e-01
0.000000000000000000e+00 6.111622237914388078e-01 -9.846149280246530022e-01
0.000000000000000000e+00 6.042098074805697383e-01 -9.865403232711564829e-01
0.000000000000000000e+00 5.971811765402355032e-01 -9.882211784529660870e-01
0.000000000000000000e+00 5.900877843958343139e-01 -9.896664019089929099e-01
0.000000000000000000e+00 5.829410844727663799e-01 -9.908849019781458267e-01
0.000000000000000000e+00 5.757525301964301345e-01 -9.918855869993356000e-01
0.000000000000000000e+00 5.685335749922256765e-01 -9.926773653114719931e-01
0.000000000000000000e+00 5.612956722855515501e-01 -9.932691452534649912e-01
0.000000000000000000e+00 5.540502755018077430e-01 -9.936698351642248017e-01
0.000000000000000000e+00 5.468076139322847196e-01 -9.938921577375681160e-01
0.000000000000000000e+00 5.395712220693504868e-01 -9.939696964038716720e-01
0.000000000000000000e+00 5.323423572776816437e-01 -9.939431300360137556e-01
0.000000000000000000e+00 5.251222750306061560e-01 -9.938531434002483289e-01
0.000000000000000000e+00 5.179122308014504350e-01 -9.937404212628291322e-01
0.000000000000000000e+00 5.107134800635424465e-01 -9.936456483900102388e-01
0.000000000000000000e+00 5.035272782902082689e-01 -9.936095095480450556e-01
0.000000000000000000e+00 4.963548809547755902e-01 -9.936726895031878781e-01
0.000000000000000000e+00 4.891969240463107105e-01 -9.938712613750398939e-01
0.000000000000000000e+00 4.820494686439759646e-01 -9.942072411339669680e-01
0.000000000000000000e+00 4.749065266942355534e-01 -9.946673903257334803e-01
0.000000000000000000e+00 4.677621005068443583e-01 -9.952383987572488433e-01
0.000000000000000000e+00 4.606101923915582597e-01 -9.959069562354212479e-01
0.000000000000000000e+00 4.534448046581319169e-01 -9.966597525671597735e-01
0.000000000000000000e+00 4.462599396163217658e-01 -9.974834775593734992e-01
0.000000000000000000e+00 4.390495995758822989e-01 -9.983648210189715044e-01
0.000000000000000000e+00 4.318077868465696745e-01 -9.992904727528623132e-01
0.000000000000000000e+00 4.245285621571270318e-01 -1.000247016768227581e+00
0.000000000000000000e+00 4.172126514894266558e-01 -1.001208965963522157e+00
0.000000000000000000e+00 4.098735142267279641e-01 -1.002127772406697259e+00
0.000000000000000000e+00 4.025260436456692403e-01 -1.002952291312661393e+00
0.000000000000000000e+00 3.951851330228871584e-01 -1.003631377896324617e+00
0.000000000000000000e+00 3.878656756350200574e-01 -1.004113887372595215e+00
0.000000000000000000e+00 3.805825647587044447e-01 -1.004348674956383025e+00
0.000000000000000000e+00 3.733506936705781043e-01 -1.004284595862596774e+00
0.000000000000000000e+00 3.661849556472791534e-01 -1.003870505306145855e+00
0.000000000000000000e+00 3.591002439654440992e-01 -1.003055258501939218e+00
0.000000000000000000e+00 3.521114519017113920e-01 -1.001787710664886699e+00
0.000000000000000000e+00 3.452334727327174280e-01 -1.000016717009896805e+00
0.000000000000000000e+00 3.384730174845453354e-01 -9.977241652246959802e-01
0.000000000000000000e+00 3.318032543946977664e-01 -9.950273582161398567e-01
0.000000000000000000e+00 3.251887575238207595e-01 -9.920782943470028981e-01
0.000000000000000000e+00 3.185941009279580904e-01 -9.890289719986347095e-01
0.000000000000000000e+00 3.119838586631546451e-01 -9.860313895523850070e-01
0.000000000000000000e+00 3.053226047854536995e-01 -9.832375453896021744e-01
0.000000000000000000e+00 2.985749333728203725e-01 -9.807993513982989908e-01
0.000000000000000000e+00 2.917172500010564717e-01 -9.788176945962000497e-01
0.000000000000000000e+00 2.847576601985414846e-01 -9.772565203539641532e-01
0.000000000000000000e+00 2.777095323529372162e-01 -9.760570388467688652e-01
0.000000000000000000e+00 2.705862348519066374e-01 -9.751604602497923047e-01
0.000000000000000000e+00 2.634011360831113868e-01 -9.745079947382117025e-01
0.000000000000000000e+00 2.561676044342142133e-01 -9.740408524872051776e-01
0.000000000000000000e+00 2.488990082928778658e-01 -9.737002436719501830e-01
0.000000000000000000e+00 2.416087160467638995e-01 -9.734273784676246155e-01
0.000000000000000000e+00 2.343100960835355351e-01 -9.731634670494063721e-01
0.000000000000000000e+00 2.270165167908541615e-01 -9.728497195924726837e-01
0.000000000000000000e+00 2.197413465563831936e-01 -9.724273462720018912e-01
0.000000000000000000e+00 2.124979537677839370e-01 -9.718375572631712256e-01
0.000000000000000000e+00 2.052981340515212527e-01 -9.710292482588736007e-01
0.000000000000000000e+00 1.981397784063762546e-01 -9.700192618612156759e-01
0.000000000000000000e+00 1.910135259201166946e-01 -9.688598781504332846e-01
0.000000000000000000e+00 1.839099529310740666e-01 -9.676036838406563145e-01
0.000000000000000000e+00 1.768196357775815575e-01 -9.663032656460156522e-01
0.000000000000000000e+00 1.697331507979705500e-01 -9.650112102806411851e-01
0.000000000000000000e+00 1.626410743305742590e-01 -9.637801044586640220e-01
0.000000000000000000e+00 1.555339827137240116e-01 -9.626625348942136062e-01
0.000000000000000000e+00 1.484028161572040205e-01 -9.617090834994808102e-01
0.000000000000000000e+00 1.412453843923776875e-01 -9.609324835723690450e-01
0.000000000000000000e+00 1.340656243547367066e-01 -9.603117097009645775e-01
0.000000000000000000e+00 1.268676877788484092e-01 -9.598245530070427245e-01
0.000000000000000000e+00 1.196557263992788500e-01 -9.594488046123788028e-01
0.000000000000000000e+00 1.124338919505957352e-01 -9.591622556387480181e-01
0.000000000000000000e+00 1.052063690314191530e-01 -9.589419157742592459e-01
0.000000000000000000e+00 9.797796274436532116e-02 -9.587500405105432444e-01
0.000000000000000000e+00 9.075403167921020087e-02 -9.585357246530715747e-01
0.000000000000000000e+00 8.353995383150872311e-02 -9.582476015813584658e-01
0.000000000000000000e+00 7.634110719681404256e-02 -9.578343046749191458e-01
0.000000000000000000e+00 6.916286977068111796e-02 -9.572444673132688431e-01
0.000000000000000000e+00 6.201061954866305542e-02 -9.564267228759224526e-01
0.000000000000000000e+00 5.488942258316515527e-02 -9.553327152117400134e-01
0.000000000000000000e+00 4.779682643437569572e-02 -9.539866468725524129e-01
0.000000000000000000e+00 4.072266406031185837e-02 -9.524871717112719516e-01
0.000000000000000000e+00 3.365641724569549270e-02 -9.509363326484530088e-01
0.000000000000000000e+00 2.658756777525032172e-02 -9.494361726046520733e-01
0.000000000000000000e+00 1.950559743369823656e-02 -9.480887345004234135e-01
0.000000000000000000e+00 1.239998800576246757e-02 -9.469960612563224078e-01
0.000000000000000000e+00 5.260340916546847601e-03 -9.462590095826798331e-01
0.000000000000000000e+00 -1.916339298702947336e-03 -9.459050358470231235e-01
0.000000000000000000e+00 -9.121442189574382672e-03 -9.458465261105932775e-01
0.000000000000000000e+00 -1.634534346665306517e-02 -9.459858144255463008e-01
0.000000000000000000e+00 -2.357841884052281831e-02 -9.462252348440380878e-01
0.000000000000000000e+00 -3.081104424278539866e-02 -9.464671235413832928e-01
0.000000000000000000e+00 -3.803576412965881115e-02 -9.466346482978903465e-01
0.000000000000000000e+00 -4.525261423055555732e-02 -9.467229406810246939e-01
0.000000000000000000e+00 -5.246324677193607566e-02 -9.467426608935886057e-01
0.000000000000000000e+00 -5.966931398026211614e-02 -9.467044691383850186e-01
0.000000000000000000e+00 -6.687246808199590054e-02 -9.466190256182165363e-01
0.000000000000000000e+00 -7.407436130359694448e-02 -9.464969905358855407e-01
0.000000000000000000e+00 -8.127659637028657180e-02 -9.463503318138858367e-01
0.000000000000000000e+00 -8.848028735157326130e-02 -9.462039266409263405e-01
0.000000000000000000e+00 -9.568626990624924666e-02 -9.460900072370336256e-01
0.000000000000000000e+00 -1.028953764592178965e-01 -9.460408912547705329e-01
0.000000000000000000e+00 -1.101084394353853413e-01 -9.460888963466992374e-01
0.000000000000000000e+00 -1.173262912596577112e-01 -9.462663401653826911e-01
0.000000000000000000e+00 -1.245496989479723121e-01 -9.466049624925838568e-01
0.000000000000000000e+00 -1.317764998030404311e-01 -9.471106198737953008e-01
0.000000000000000000e+00 -1.390004849940519593e-01 -9.477534223422326987e-01
0.000000000000000000e+00 -1.462151496755740021e-01 -9.485008647207320287e-01
0.000000000000000000e+00 -1.534139890021710695e-01 -9.493204418321299354e-01
0.000000000000000000e+00 -1.605904981284102528e-01 -9.501796484992622860e-01
0.000000000000000000e+00 -1.677381722088577554e-01 -9.510459795449659470e-01
0.000000000000000000e+00 -1.748505063980807239e-01 -9.518869297920770078e-01
0.000000000000000000e+00 -1.819209958506436409e-01 -9.526699940634317798e-01
0.000000000000000000e+00 -1.889487640430095039e-01 -9.533672179149359494e-01
0.000000000000000000e+00 -1.959649457818124219e-01 -9.539765293984689976e-01
0.000000000000000000e+00 -2.030119776530990017e-01 -9.545049945260800639e-01
0.000000000000000000e+00 -2.101323091168058044e-01 -9.549596897188983302e-01
0.000000000000000000e+00 -2.173683896328716669e-01 -9.553476913980524232e-01
0.000000000000000000e+00 -2.247626686612347602e-01 -9.556760759846707476e-01
0.000000000000000000e+00 -2.323573315540162776e-01 -9.559516871185567144e-01
0.000000000000000000e+00 -2.401224774611219748e-01 -9.561178325628484354e-01
0.000000000000000000e+00 -2.478586402326829474e-01 -9.559683673471184306e-01
0.000000000000000000e+00 -2.553419931915016927e-01 -9.552756754369580161e-01
0.000000000000000000e+00 -2.623487096603779878e-01 -9.538121407979591737e-01
0.000000000000000000e+00 -2.686549629621147184e-01 -9.513501473957135524e-01
0.000000000000000000e+00 -2.740423339555698168e-01 -9.476700505791203488e-01
0.000000000000000000e+00 -2.784281101980070061e-01 -9.427522543142501377e-01
0.000000000000000000e+00 -2.818718978556042920e-01 -9.367869579659729995e-01
0.000000000000000000e+00 -2.844400339509313147e-01 -9.299742830218605816e-01
0.000000000000000000e+00 -2.861988555065569928e-01 -9.225143509694846422e-01
0.000000000000000000e+00 -2.872146995450506335e-01 -9.146072832964160515e-01
0.000000000000000000e+00 -2.875539030889808778e-01 -9.064532014902291213e-01
0.000000000000000000e+00 -2.872828031609171995e-01 -8.982522270384949437e-01
0.000000000000000000e+00 -2.864684379482083099e-01 -8.902029635481335523e-01
0.000000000000000000e+00 -2.852178841686396904e-01 -8.824173392646831315e-01
0.000000000000000000e+00 -2.836991375863827658e-01 -8.748754049570919289e-01
0.000000000000000000e+00 -2.820853032256258608e-01 -8.675461508745123673e-01
0.000000000000000000e+00 -2.805494861105571891e-01 -8.603985672660974249e-01
0.000000000000000000e+00 -2.792647912653654640e-01 -8.534016443810023000e-01
0.000000000000000000e+00 -2.784043237142385108e-01 -8.465243724683794158e-01
0.000000000000000000e+00 -2.781411884813649871e-01 -8.397357417773826382e-01
0.000000000000000000e+00 -2.786484905909331622e-01 -8.330047425571647235e-01
0.000000000000000000e+00 -2.800921088946549120e-01 -8.263035682378541136e-01
0.000000000000000000e+00 -2.824993979691442503e-01 -8.196658165855164047e-01
0.000000000000000000e+00 -2.857730156682052880e-01 -8.131803602951261922e-01
0.000000000000000000e+00 -2.898111687744053255e-01 -8.069380451098715490e-01
0.000000000000000000e+00 -2.945120640703099424e-01 -8.010297167729419909e-01
0.000000000000000000e+00 -2.997739083384864389e-01 -7.955462210275252577e-01
0.000000000000000000e+00 -3.054949083615012828e-01 -7.905784036168099771e-01
0.000000000000000000e+00 -3.115732709219222740e-01 -7.862171102839843329e-01
0.000000000000000000e+00 -3.179156136857346771e-01 -7.825303801213135957e-01
0.000000000000000000e+00 -3.244737347628546265e-01 -7.794637425438111222e-01
0.000000000000000000e+00 -3.312145373984212160e-01 -7.769217684215917741e-01
0.000000000000000000e+00 -3.381049355307494397e-01 -7.748089996295390858e-01
0.000000000000000000e+00 -3.451118430981517937e-01 -7.730299780425378131e-01
0.000000000000000000e+00 -3.522021740389433275e-01 -7.714892455354716017e-01
0.000000000000000000e+00 -3.593428422914390907e-01 -7.700913439832239860e-01
0.000000000000000000e+00 -3.665007617939515794e-01 -7.687408152606793887e-01
0.000000000000000000e+00 -3.736428464847956210e-01 -7.673422012427217886e-01
0.000000000000000000e+00 -3.807386319638977890e-01 -7.658078288413179280e-01
0.000000000000000000e+00 -3.877828986406729461e-01 -7.641249895546745607e-01
0.000000000000000000e+00 -3.947845310066537827e-01 -7.623228570223931078e-01
0.000000000000000000e+00 -4.017525674943346337e-01 -7.604310620125103171e-01
0.000000000000000000e+00 -4.086960465362082795e-01 -7.584792352930628256e-01
0.000000000000000000e+00 -4.156240065647687776e-01 -7.564970076320871595e-01
0.000000000000000000e+00 -4.225454860125074652e-01 -7.545140097976207327e-01
0.000000000000000000e+00 -4.294695233119184552e-01 -7.525598725576997383e-01
0.000000000000000000e+00 -4.364051568954946947e-01 -7.506642266803613683e-01
0.000000000000000000e+00 -4.433614251957301855e-01 -7.488567029336418157e-01
0.000000000000000000e+00 -4.503470520039723479e-01 -7.471658076229825696e-01
0.000000000000000000e+00 -4.573642033644901295e-01 -7.455966110174246930e-01
0.000000000000000000e+00 -4.644088439858829465e-01 -7.441320210905301158e-01
0.000000000000000000e+00 -4.714766952876750516e-01 -7.427540763508628796e-01
0.000000000000000000e+00 -4.785634786893933623e-01 -7.414448153069858050e-01
0.000000000000000000e+00 -4.856649156105639631e-01 -7.401862764674626005e-01
0.000000000000000000e+00 -4.927767274707134382e-01 -7.389604983408559757e-01
0.000000000000000000e+00 -4.998946356893661513e-01 -7.377495194357299724e-01
0.000000000000000000e+00 -5.070143616860490754e-01 -7.365353782606476329e-01
0.000000000000000000e+00 -5.141316268802882394e-01 -7.353001133241723331e-01
0.000000000000000000e+00 -5.212421526916103387e-01 -7.340257631348672263e-01
0.000000000000000000e+00 -5.283416605395399035e-01 -7.326943662012962433e-01
0.000000000000000000e+00 -5.354257250950009706e-01 -7.312878696823079672e-01
0.000000000000000000e+00 -5.424884148950797069e-01 -7.297872831816911710e-01
0.000000000000000000e+00 -5.495229139460185985e-01 -7.281730656905653909e-01
0.000000000000000000e+00 -5.565223949759813271e-01 -7.264256691795478726e-01
0.000000000000000000e+00 -5.634800307131344610e-01 -7.245255456192558619e-01
0.000000000000000000e+00 -5.703889938856434583e-01 -7.224531469803057160e-01
0.000000000000000000e+00 -5.772424572216749983e-01 -7.201889252333150138e-01
0.000000000000000000e+00 -5.840331935508532579e-01 -7.177147765608269392e-01
0.000000000000000000e+00 -5.907509144126509293e-01 -7.150236528290656590e-01
0.000000000000000000e+00 -5.973839167495658131e-01 -7.121136146446500614e-01
0.000000000000000000e+00 -6.039204898679351174e-01 -7.089827501917754793e-01
0.000000000000000000e+00 -6.103489230740979377e-01 -7.056291476546351360e-01
0.000000000000000000e+00 -6.166575056743930361e-01 -7.020508952174224770e-01
0.000000000000000000e+00 -6.228345269751597302e-01 -6.982460810643312810e-01
0.000000000000000000e+00 -6.288682762827347839e-01 -6.942127933795563255e-01
0.000000000000000000e+00 -6.347470429034580697e-01 -6.899491203472909451e-01
0.000000000000000000e+00 -6.404591161436676838e-01 -6.854531501517289183e-01
0.000000000000000000e+00 -6.459927877300912780e-01 -6.807230015645410193e-01
0.000000000000000000e+00 -6.513366665563131708e-01 -6.757608015307642324e-01
0.000000000000000000e+00 -6.564799910237570923e-01 -6.705766323554029906e-01
0.000000000000000000e+00 -6.614120737839623843e-01 -6.651815146739779028e-01
0.000000000000000000e+00 -6.661222274884703864e-01 -6.595864691220090226e-01
0.000000000000000000e+00 -6.705997647888188862e-01 -6.538025163350184021e-01
0.000000000000000000e+00 -6.748339983365492234e-01 -6.478406769485259842e-01
0.000000000000000000e+00 -6.788142407832014058e-01 -6.417119715980522665e-01
0.000000000000000000e+00 -6.825298047803147750e-01 -6.354274209191191902e-01
0.000000000000000000e+00 -6.859700029794292275e-01 -6.289980455472468091e-01
0.000000000000000000e+00 -6.891241480320852153e-01 -6.224348661179559539e-01
0.000000000000000000e+00 -6.919815525898226349e-01 -6.157489032667663453e-01
0.000000000000000000e+00 -6.945315293041809390e-01 -6.089511776292004797e-01
0.000000000000000000e+00 -6.967641733090502720e-01 -6.020527471001880793e-01
0.000000000000000000e+00 -6.986806656906455748e-01 -5.950651974537032318e-01
0.000000000000000000e+00 -7.002904140414366596e-01 -5.880005061847145553e-01
0.000000000000000000e+00 -7.016030205451857515e-01 -5.808706600540325393e-01
0.000000000000000000e+00 -7.026280873856560749e-01 -5.736876458224656750e-01
0.000000000000000000e+00 -7.033752167466109650e-01 -5.664634502508231195e-01
0.000000000000000000e+00 -7.038540108118137573e-01 -5.592100600999133642e-01
0.000000000000000000e+00 -7.040740717650270097e-01 -5.519394621305474535e-01
0.000000000000000000e+00 -7.040450017900143909e-01 -5.446636431035338788e-01
0.000000000000000000e+00 -7.037764030705384588e-01 -5.373945897796816862e-01
0.000000000000000000e+00 -7.032778777903627709e-01 -5.301442889197992558e-01
0.000000000000000000e+00 -7.025588775500289929e-01 -5.229242987657040098e-01
0.000000000000000000e+00 -7.016269404127313258e-01 -5.157407321510725229e-01
0.000000000000000000e+00 -7.004882878147391523e-01 -5.085959551465608630e-01
0.000000000000000000e+00 -6.991491152473114923e-01 -5.014922599903676170e-01
0.000000000000000000e+00 -6.976156182017073659e-01 -4.944319389206885962e-01
0.000000000000000000e+00 -6.958939921691860153e-01 -4.874172841757206665e-01
0.000000000000000000e+00 -6.939904326410055724e-01 -4.804505879936595836e-01
0.000000000000000000e+00 -6.919111351084260564e-01 -4.735341426127037678e-01
0.000000000000000000e+00 -6.896622950627060433e-01 -4.666702402710494191e-01
0.000000000000000000e+00 -6.872501487488783534e-01 -4.598611508661655800e-01
0.000000000000000000e+00 -6.846870509716196374e-01 -4.531057901749526717e-01
0.000000000000000000e+00 -6.819979388117982655e-01 -4.463961765223253830e-01
0.000000000000000000e+00 -6.792092975742883842e-01 -4.397234795154770226e-01
0.000000000000000000e+00 -6.763476125639638070e-01 -4.330788687616020649e-01
0.000000000000000000e+00 -6.734393690856989023e-01 -4.264535138678936521e-01
0.000000000000000000e+00 -6.705110524443682607e-01 -4.198385844415475354e-01
0.000000000000000000e+00 -6.675891479448455845e-01 -4.132252500897571901e-01
0.000000000000000000e+00 -6.647001408920054644e-01 -4.066046804197162579e-01
0.000000000000000000e+00 -6.618705165907222687e-01 -3.999680450386201014e-01
0.000000000000000000e+00 -6.591267603458698110e-01 -3.933065135536623624e-01
0.000000000000000000e+00 -6.564953574623226817e-01 -3.866112555720371269e-01
0.000000000000000000e+00 -6.540027932449545833e-01 -3.798734407009377589e-01
0.000000000000000000e+00 -6.516755529986404394e-01 -3.730842385475602319e-01
0.000000000000000000e+00 -6.495401114071501780e-01 -3.662348220666156173e-01
0.000000000000000000e+00 -6.476092021776541641e-01 -3.593206950397119237e-01
0.000000000000000000e+00 -6.458548408304677357e-01 -3.523501946462521128e-01
0.000000000000000000e+00 -6.442415361174851363e-01 -3.453340240193524813e-01
0.000000000000000000e+00 -6.427337967906008309e-01 -3.382828862921270496e-01
0.000000000000000000e+00 -6.412961316017090629e-01 -3.312074845976906712e-01
0.000000000000000000e+00 -6.398930493027038535e-01 -3.241185220691570334e-01
0.000000000000000000e+00 -6.384890586454798900e-01 -3.170267018396427106e-01
0.000000000000000000e+00 -6.370486683819314155e-01 -3.099427270422616121e-01
0.000000000000000000e+00 -6.355363872639524514e-01 -3.028773008101285358e-01
0.000000000000000000e+00 -6.339167240434374628e-01 -2.958411262763572802e-01
0.000000000000000000e+00 -6.321541874722811372e-01 -2.888449065740644750e-01
0.000000000000000000e+00 -6.302199454392298783e-01 -2.818975153686404944e-01
0.000000000000000000e+00 -6.281205419579205529e-01 -2.749981074264504222e-01
0.000000000000000000e+00 -6.258742228177955891e-01 -2.681426226796246870e-01
0.000000000000000000e+00 -6.234992412728864730e-01 -2.613269990095412609e-01
0.000000000000000000e+00 -6.210138505772244688e-01 -2.545471742975788376e-01
0.000000000000000000e+00 -6.184363039848406185e-01 -2.477990864251155556e-01
0.000000000000000000e+00 -6.157848547497666303e-01 -2.410786732735318849e-01
0.000000000000000000e+00 -6.130777561260336572e-01 -2.343818727242057420e-01
0.000000000000000000e+00 -6.103332613676731855e-01 -2.277046226585159872e-01
0.000000000000000000e+00 -6.075696237287163681e-01 -2.210428609578406756e-01
0.000000000000000000e+00 -6.048050964631945803e-01 -2.143925255035601107e-01
0.000000000000000000e+00 -6.020565449622875542e-01 -2.077495765821493479e-01
0.000000000000000000e+00 -5.993279143526574204e-01 -2.011101830596118412e-01
0.000000000000000000e+00 -5.966161231816110577e-01 -1.944706272362073662e-01
0.000000000000000000e+00 -5.939180197844561304e-01 -1.878271925456720670e-01
0.000000000000000000e+00 -5.912304524964999697e-01 -1.811761624217399780e-01
0.000000000000000000e+00 -5.885502696530489075e-01 -1.745138202981446618e-01
0.000000000000000000e+00 -5.858743195894112743e-01 -1.678364496086225677e-01
0.000000000000000000e+00 -5.831994506408938461e-01 -1.611403337869074526e-01
0.000000000000000000e+00 -5.805225111428036211e-01 -1.544217562667340171e-01
0.000000000000000000e+00 -5.778403494304479304e-01 -1.476770004818359627e-01
0.000000000000000000e+00 -5.751498138391345494e-01 -1.409023498659496831e-01
0.000000000000000000e+00 -5.724482675590043534e-01 -1.340941789830757680e-01
0.000000000000000000e+00 -5.697501987889823649e-01 -1.272518935557407638e-01
0.000000000000000000e+00 -5.670908008164633474e-01 -1.203785641457836564e-01
0.000000000000000000e+00 -5.645065058984722883e-01 -1.134774806149833476e-01
0.000000000000000000e+00 -5.620337462920333982e-01 -1.065519328251162273e-01
0.000000000000000000e+00 -5.597089542541711094e-01 -9.960521063795949037e-02
0.000000000000000000e+00 -5.575685620419098543e-01 -9.264060391528960992e-02
0.000000000000000000e+00 -5.556490019122745094e-01 -8.566140251888541834e-02
0.000000000000000000e+00 -5.539867061222895073e-01 -7.867089631052337495e-02
0.000000000000000000e+00 -5.526181069289789471e-01 -7.167237515198067455e-02
0.000000000000000000e+00 -5.515796365893674835e-01 -6.466912890503367928e-02
0.000000000000000000e+00 -5.509077273604799929e-01 -5.766444743146136725e-02
0.000000000000000000e+00 -5.506356388412412262e-01 -5.066127763904097747e-02
0.000000000000000000e+00 -5.507553886487106531e-01 -4.365810831174037759e-02
0.000000000000000000e+00 -5.512301585701580020e-01 -3.665031117432157592e-02
0.000000000000000000e+00 -5.520225389937120086e-01 -2.963319402322450724e-02
0.000000000000000000e+00 -5.530951203075005207e-01 -2.260206465488990776e-02
0.000000000000000000e+00 -5.544104928996518300e-01 -1.555223086575768972e-02
0.000000000000000000e+00 -5.559312471582937842e-01 -8.479000452270343130e-03
0.000000000000000000e+00 -5.576199734715550083e-01 -1.377681210867762011e-03
0.000000000000000000e+00 -5.594392622275634608e-01 5.756419062009289662e-03
0.000000000000000000e+00 -5.613517038144475446e-01 1.292799256992092222e-02
0.000000000000000000e+00 -5.633198886203353295e-01 2.014173151642462481e-02
0.000000000000000000e+00 -5.653064070333546631e-01 2.740232810508050343e-02
0.000000000000000000e+00 -5.672773168788436404e-01 3.471267280356150897e-02
0.000000000000000000e+00 -5.692407894533805246e-01 4.205377324566714203e-02
0.000000000000000000e+00 -5.712330481821900063e-01 4.939206073004708680e-02
0.000000000000000000e+00 -5.732908253055226666e-01 5.669370216692034420e-02
0.000000000000000000e+00 -5.754508530636300856e-01 6.392486446650592902e-02
0.000000000000000000e+00 -5.777498636967625112e-01 7.105171453902016376e-02
0.000000000000000000e+00 -5.802245894451708574e-01 7.804041929468207017e-02
0.000000000000000000e+00 -5.829117625491062604e-01 8.485714564370971935e-02
0.000000000000000000e+00 -5.858481152488199672e-01 9.146806049632207058e-02
0.000000000000000000e+00 -5.890703797845620038e-01 9.783933076273554352e-02
0.000000000000000000e+00 -5.926152883965838392e-01 1.039371233531691946e-01
0.000000000000000000e+00 -5.965195733251360544e-01 1.097276051778409978e-01
0.000000000000000000e+00 -6.008199668104702296e-01 1.151769431469698013e-01
0.000000000000000000e+00 -6.055532010928359465e-01 1.202513041707723301e-01
0.000000000000000000e+00 -6.107449368999744443e-01 1.249272059089409082e-01
0.000000000000000000e+00 -6.163366870168617284e-01 1.292598358753006826e-01
0.000000000000000000e+00 -6.222313204857414792e-01 1.333405095923277384e-01
0.000000000000000000e+00 -6.283315032636597186e-01 1.372607324467062795e-01
0.000000000000000000e+00 -6.345399013076646888e-01 1.411120098251222033e-01
0.000000000000000000e+00 -6.407591805748040770e-01 1.449858471142607685e-01
0.000000000000000000e+00 -6.468920070221263474e-01 1.489737497008078448e-01
0.000000000000000000e+00 -6.528410670582541764e-01 1.531672030490220382e-01
0.000000000000000000e+00 -6.585399493822764461e-01 1.576275898784782470e-01
0.000000000000000000e+00 -6.640153176926930634e-01 1.623256260713849819e-01
0.000000000000000000e+00 -6.693112883574978689e-01 1.672150263994798269e-01
0.000000000000000000e+00 -6.744719777446864795e-01 1.722495056345020870e-01
0.000000000000000000e+00 -6.795415022222548451e-01 1.773827785481905395e-01
0.000000000000000000e+00 -6.845639781581982497e-01 1.825685599122846559e-01
0.000000000000000000e+00 -6.895835219205111999e-01 1.877605644985218536e-01
0.000000000000000000e+00 -6.946442498771896457e-01 1.929125070786415763e-01
0.000000000000000000e+00 -6.997864313218671306e-01 1.979816764439329135e-01
0.000000000000000000e+00 -7.050257346609326570e-01 2.029482161692705844e-01
0.000000000000000000e+00 -7.103681410921659500e-01 2.078012694665754556e-01
0.000000000000000000e+00 -7.158196084620152000e-01 2.125300012416900808e-01
0.000000000000000000e+00 -7.213860946169278199e-01 2.171235764004560975e-01
0.000000000000000000e+00 -7.270735574033519999e-01 2.215711598487158374e-01
0.000000000000000000e+00 -7.328879546677335988e-01 2.258619164923099942e-01
0.000000000000000000e+00 -7.388352442565215838e-01 2.299850112370810662e-01
0.000000000000000000e+00 -7.449193392830065763e-01 2.339322000592369832e-01
0.000000000000000000e+00 -7.511161153672223367e-01 2.377307678340364883e-01
0.000000000000000000e+00 -7.573811024681700310e-01 2.414337813042688463e-01
0.000000000000000000e+00 -7.636693739399708081e-01 2.450948858189698765e-01
0.000000000000000000e+00 -7.699360031367438184e-01 2.487677267271753700e-01
0.000000000000000000e+00 -7.761360634126084346e-01 2.525059493779200914e-01
0.000000000000000000e+00 -7.822246281216849173e-01 2.563631991202400262e-01
0.000000000000000000e+00 -7.881567706180934163e-01 2.603931213031708269e-01
0.000000000000000000e+00 -7.938875642559539703e-01 2.646493612757485070e-01
0.000000000000000000e+00 -7.993720823893855076e-01 2.691855643870075809e-01
0.000000000000000000e+00 -8.045801805370124127e-01 2.740385170555259542e-01
0.000000000000000000e+00 -8.095449760559965124e-01 2.791728561214957827e-01
0.000000000000000000e+00 -8.143165062778270347e-01 2.845339213410839063e-01
0.000000000000000000e+00 -8.189448087146490307e-01 2.900670522644166471e-01
0.000000000000000000e+00 -8.234799208786086622e-01 2.957175884416221034e-01
0.000000000000000000e+00 -8.279718802818526457e-01 3.014308694228277630e-01
0.000000000000000000e+00 -8.324707244365271430e-01 3.071522347581618906e-01
0.000000000000000000e+00 -8.370264908547774274e-01 3.128270239977505307e-01
0.000000000000000000e+00 -8.416890322371245459e-01 3.184007182128398838e-01
0.000000000000000000e+00 -8.464974212141238574e-01 3.238270534075165519e-01
0.000000000000000000e+00 -8.514741963932462854e-01 3.290724266586168012e-01
0.000000000000000000e+00 -8.566404943688566975e-01 3.341043086467762047e-01
0.000000000000000000e+00 -8.620174517353185184e-01 3.388901700526298355e-01
0.000000000000000000e+00 -8.676255520739437621e-01 3.433983070995060838e-01
0.000000000000000000e+00 -8.734561006397234539e-01 3.476339034113244408e-01
0.000000000000000000e+00 -8.794601462778578460e-01 3.516530349866473504e-01
0.000000000000000000e+00 -8.855857970099059173e-01 3.555154956294578339e-01
0.000000000000000000e+00 -8.917811608574267579e-01 3.592810791437388573e-01
0.000000000000000000e+00 -8.979943458419771263e-01 3.630095793334720544e-01
0.000000000000000000e+00 -9.041734599851164456e-01 3.667607900026406687e-01
0.000000000000000000e+00 -9.102666113084031396e-01 3.705945049552272774e-01
0.000000000000000000e+00 -9.162219078333960764e-01 3.745705179952151798e-01
0.000000000000000000e+00 -9.219894525755102377e-01 3.787466128703286250e-01
0.000000000000000000e+00 -9.275544070469581293e-01 3.831452501364015495e-01
0.000000000000000000e+00 -9.329318598177548383e-01 3.877587373392388792e-01
0.000000000000000000e+00 -9.381378600999211725e-01 3.925784141296937979e-01
0.000000000000000000e+00 -9.431884571054801603e-01 3.975956201586218208e-01
0.000000000000000000e+00 -9.480997000464540525e-01 4.028016950768772975e-01
0.000000000000000000e+00 -9.528876381348658775e-01 4.081879785353157986e-01
0.000000000000000000e+00 -9.575683205827361100e-01 4.137458101847903413e-01
0.000000000000000000e+00 -9.621577966020878891e-01 4.194665296761562190e-01
0.000000000000000000e+00 -9.666721154049436882e-01 4.253414766602683361e-01
0.000000000000000000e+00 -9.711273262033258691e-01 4.313619907879818749e-01
0.000000000000000000e+00 -9.755392923199792676e-01 4.375194124765917070e-01
0.000000000000000000e+00 -9.798887169784666895e-01 4.438052271123059667e-01
0.000000000000000000e+00 -9.840798468865356030e-01 4.502112353198584604e-01
0.000000000000000000e+00 -9.880068852791946687e-01 4.567292791343133262e-01
0.000000000000000000e+00 -9.915640353914501048e-01 4.633512005907327036e-01
0.000000000000000000e+00 -9.946455004583106829e-01 4.700688417241808414e-01
0.000000000000000000e+00 -9.971454837147846195e-01 4.768740445697212671e-01
0.000000000000000000e+00 -9.989581883958797981e-01 4.837586511624183405e-01
0.000000000000000000e+00 -9.999778177366036580e-01 4.907145035373341457e-01
0.000000000000000000e+00 -1.000098574971964638e+00 4.977334437295328762e-01
0.000000000000000000e+00 -9.992303226581235043e-01 5.047990020522307164e-01
0.000000000000000000e+00 -9.974023316125028016e-01 5.118313287880329465e-01
0.000000000000000000e+00 -9.946988648802999045e-01 5.187213852083116805e-01
0.000000000000000000e+00 -9.912044780838606961e-01 5.253599772890800157e-01
0.000000000000000000e+00 -9.870037268455310597e-01 5.316379110063524926e-01
0.000000000000000000e+00 -9.821811667876583218e-01 5.374459923361408764e-01
0.000000000000000000e+00 -9.768213535325878105e-01 5.426750272544592635e-01
0.000000000000000000e+00 -9.710088506150862386e-01 5.472160999068452769e-01
0.000000000000000000e+00 -9.648304377159909739e-01 5.510382054058933221e-01
0.000000000000000000e+00 -9.583781341528588849e-01 5.542945438535105129e-01
0.000000000000000000e+00 -9.517447163167399582e-01 5.571649310738282512e-01
0.000000000000000000e+00 -9.450229605986862902e-01 5.598291828909781609e-01
0.000000000000000000e+00 -9.383056433897483117e-01 5.624671151290918658e-01
0.000000000000000000e+00 -9.316855410809793403e-01 5.652585436123001017e-01
0.000000000000000000e+00 -9.252387643513455551e-01 5.683515768771859600e-01
0.000000000000000000e+00 -9.189678960550132780e-01 5.717544333751120034e-01
0.000000000000000000e+00 -9.128552477127744869e-01 5.754367644087258205e-01
0.000000000000000000e+00 -9.068831302045053944e-01 5.793682200613099464e-01
0.000000000000000000e+00 -9.010338544100845448e-01 5.835184504161474717e-01
0.000000000000000000e+00 -8.952897312093883730e-01 5.878571055565212644e-01
0.000000000000000000e+00 -8.896330714822956454e-01 5.923538355657129717e-01
0.000000000000000000e+00 -8.840461861086839068e-01 5.969782905270055728e-01
0.000000000000000000e+00 -8.785113859684300364e-01 6.017001205236818251e-01
0.000000000000000000e+00 -8.730109819414114680e-01 6.064889756390245967e-01
0.000000000000000000e+00 -8.675272849075073012e-01 6.113145059563157568e-01
0.000000000000000000e+00 -8.620426057465941927e-01 6.161463615588383957e-01
0.000000000000000000e+00 -8.565392553385496877e-01 6.209541925298747156e-01
0.000000000000000000e+00 -8.509995445632507760e-01 6.257076489527082508e-01
0.000000000000000000e+00 -8.454057843005766681e-01 6.303763809106204263e-01
0.000000000000000000e+00 -8.397402864105677489e-01 6.349300401435202801e-01
0.000000000000000000e+00 -8.339899992749199020e-01 6.393461148203773980e-01
0.000000000000000000e+00 -8.281572203962258572e-01 6.436280354665280257e-01
0.000000000000000000e+00 -8.222474192283857342e-01 6.477845936890042067e-01
0.000000000000000000e+00 -8.162660652252963223e-01 6.518245810948397612e-01
0.000000000000000000e+00 -8.102186278408559650e-01 6.557567892910682872e-01
0.000000000000000000e+00 -8.041105765289637830e-01 6.595900098847220505e-01
0.000000000000000000e+00 -7.979473807435176758e-01 6.633330344828352043e-01
0.000000000000000000e+00 -7.917345099384159868e-01 6.669946546924407915e-01
0.000000000000000000e+00 -7.854774335675558383e-01 6.705836621205721881e-01
0.000000000000000000e+00 -7.791816210848371282e-01 6.741088483742621040e-01
0.000000000000000000e+00 -7.728525419441577560e-01 6.775790050605441373e-01
0.000000000000000000e+00 -7.664956655994158430e-01 6.810029237864518858e-01
0.000000000000000000e+00 -7.601164615045081785e-01 6.843893961590182817e-01
0.000000000000000000e+00 -7.537202895734289587e-01 6.877470385264877750e-01
0.000000000000000000e+00 -7.473117181363774231e-01 6.910832007396205956e-01
0.000000000000000000e+00 -7.408949676505869331e-01 6.944046760685038677e-01
0.000000000000000000e+00 -7.344742570752808009e-01 6.977182553864815784e-01
0.000000000000000000e+00 -7.280538053696860024e-01 7.010307295668966043e-01
0.000000000000000000e+00 -7.216378314930265159e-01 7.043488894830933766e-01
0.000000000000000000e+00 -7.152305544045259866e-01 7.076795260084157713e-01
0.000000000000000000e+00 -7.088361930634116126e-01 7.110294300162069980e-01
0.000000000000000000e+00 -7.024589664289072610e-01 7.144053923798111549e-01
0.000000000000000000e+00 -6.961030934602377984e-01 7.178142039725723400e-01
0.000000000000000000e+00 -6.897727931166270920e-01 7.212626556678340961e-01
0.000000000000000000e+00 -6.834722843573016737e-01 7.247575383389397441e-01
0.000000000000000000e+00 -6.772057861414861879e-01 7.283056428592336040e-01
0.000000000000000000e+00 -6.709775174284047239e-01 7.319137601020593298e-01
0.000000000000000000e+00 -6.647916971772819261e-01 7.355886809407610194e-01
0.000000000000000000e+00 -6.586525443473441044e-01 7.393371962486817717e-01
0.000000000000000000e+00 -6.525642178455440812e-01 7.431659986203842383e-01
0.000000000000000000e+00 -6.465281023882706313e-01 7.470772405379287884e-01
0.000000000000000000e+00 -6.405417016844183742e-01 7.510667230052662235e-01
0.000000000000000000e+00 -6.346022301756861772e-01 7.551297736249726889e-01
0.000000000000000000e+00 -6.287069023037701321e-01 7.592617199996259947e-01
0.000000000000000000e+00 -6.228529325103675518e-01 7.634578897318032853e-01
0.000000000000000000e+00 -6.170375352371749722e-01 7.677136104240825931e-01
0.000000000000000000e+00 -6.112579249258911496e-01 7.720242096790400632e-01
0.000000000000000000e+00 -6.055113160182122867e-01 7.763850150992537280e-01
0.000000000000000000e+00 -5.997949229558352524e-01 7.807913542873010648e-01
0.000000000000000000e+00 -5.941059601804585810e-01 7.852385548457586628e-01
0.000000000000000000e+00 -5.884416421337786973e-01 7.897219443772044434e-01
0.000000000000000000e+00 -5.827991832574928033e-01 7.942368504842151067e-01
0.000000000000000000e+00 -5.771757979932974347e-01 7.987786007693692403e-01
0.000000000000000000e+00 -5.715687007828912369e-01 8.033425228352424341e-01
0.000000000000000000e+00 -5.659751060679707457e-01 8.079239442844130537e-01
0.000000000000000000e+00 -5.603922282902330521e-01 8.125181927194580211e-01
0.000000000000000000e+00 -5.548172818913749138e-01 8.171205957429554800e-01
0.000000000000000000e+00 -5.492474813130946432e-01 8.217264809574811313e-01
0.000000000000000000e+00 -5.436800409970889980e-01 8.263311759656135624e-01
0.000000000000000000e+00 -5.381119582864761774e-01 8.309299507344515279e-01
0.000000000000000000e+00 -5.325390715517410722e-01 8.355177675462535092e-01
0.000000000000000000e+00 -5.269568339876065100e-01 8.400894864265521234e-01
0.000000000000000000e+00 -5.213606985314029885e-01 8.446399673325503121e-01
0.000000000000000000e+00 -5.157461181204610057e-01 8.491640702214511283e-01
0.000000000000000000e+00 -5.101085456921130579e-01 8.536566550504552930e-01
0.000000000000000000e+00 -5.044434341836894209e-01 8.581125817767651931e-01
0.000000000000000000e+00 -4.987462365325212588e-01 8.625267103575833261e-01
0.000000000000000000e+00 -4.930124056759391804e-01 8.668939007501121896e-01
0.000000000000000000e+00 -4.872373945512755156e-01 8.712090129115529491e-01
0.000000000000000000e+00 -4.814166560958609842e-01 8.754669067991081022e-01
0.000000000000000000e+00 -4.755456432470263617e-01 8.796624423699797024e-01
0.000000000000000000e+00 -4.696200415590199850e-01 8.837899756587642708e-01
0.000000000000000000e+00 -4.636370366312678182e-01 8.878406131226738163e-01
0.000000000000000000e+00 -4.575944092902393123e-01 8.918041717668613311e-01
0.000000000000000000e+00 -4.514899418635645589e-01 8.956704653444849118e-01
0.000000000000000000e+00 -4.453214166788732609e-01 8.994293076087037653e-01
0.000000000000000000e+00 -4.390866160637973969e-01 9.030705123126756551e-01
0.000000000000000000e+00 -4.327833223459665035e-01 9.065838932095595659e-01
0.000000000000000000e+00 -4.264093178530110051e-01 9.099592640525142606e-01
0.000000000000000000e+00 -4.199623849125605490e-01 9.131864385946983909e-01
0.000000000000000000e+00 -4.134403058522469476e-01 9.162552305892699422e-01
0.000000000000000000e+00 -4.068408629997000148e-01 9.191554537893878996e-01
0.000000000000000000e+00 -4.001618386825491758e-01 9.218769219482113586e-01
0.000000000000000000e+00 -3.934010152284264095e-01 9.244094488188978609e-01
