0.000000000000000000e+00 1.199999999999999956e+00 0.000000000000000000e+00
1.259155372180277739e-02 1.199508667175428034e+00 1.510447608853529924e-02
2.518310744360555478e-02 1.198036630233579425e+00 3.017666468553906536e-02
3.777466116540833391e-02 1.195589763668395200e+00 4.518449188756778340e-02
5.036621488721110956e-02 1.192177824685935583e+00 6.009630964797534752e-02
6.295776860901389216e-02 1.187814402970933880e+00 7.488110541465230197e-02
7.554932233081666781e-02 1.182516850743486225e+00 8.950870784073208797e-02
8.814087605261944347e-02 1.176306193486827745e+00 1.039499872953828785e-01
1.007324297744222191e-01 1.169207021832326721e+00 1.181770499325019708e-01
1.133239834962249948e-01 1.161247365190292591e+00 1.321634241131684484e-01
1.259155372180277843e-01 1.152458547814384504e+00 1.458842380228691782e-01
1.385070909398305461e-01 1.142875028082743993e+00 1.593163873765284788e-01
1.510986446616333356e-01 1.132534221869946567e+00 1.724386921629478819e-01
1.636901983834360974e-01 1.121476310969961032e+00 1.852320414450508435e-01
1.762817521052388869e-01 1.109744037611040568e+00 1.976795253029641486e-01
1.888733058270416487e-01 1.097382486178391625e+00 2.097665530830312708e-01
2.014648595488444383e-01 1.084438853329179109e+00 2.214809571969151292e-01
2.140564132706472278e-01 1.070962207746514183e+00 2.328130818005247904e-01
2.266479669924499896e-01 1.057003240834234692e+00 2.437558557721113406e-01
2.392395207142527791e-01 1.042614009702176103e+00 2.543048495019894495e-01
2.518310744360555686e-01 1.027847673832016362e+00 2.644583151024210710e-01
2.644226281578583304e-01 1.012758226846421250e+00 2.742172097446850532e-01
2.770141818796610922e-01 9.974002248289434158e-01 2.835852019306834837e-01
2.896057356014638540e-01 9.818285126588048861e-01 2.925686606080108443e-01
3.021972893232666713e-01 9.660979498332424864e-01 3.011766271396576489e-01
3.147888430450694330e-01 9.502631372504469764e-01 3.094207702418306782e-01
3.273803967668721948e-01 9.343781464183356089e-01 3.173153241051600570e-01
3.399719504886750121e-01 9.184962525384460230e-01 3.248770100152287288e-01
3.525635042104777739e-01 9.026696728902977584e-01 3.321249418873279402e-01
3.651550579322805357e-01 8.869493119097061617e-01 3.390805162270216777e-01
3.777466116540832974e-01 8.713845143150036332e-01 3.457672871219431565e-01
3.903381653758861147e-01 8.560228275880941151e-01 3.522108269606878950e-01
4.029297190976888765e-01 8.409097750630591950e-01 3.584385736611930828e-01
4.155212728194916383e-01 8.260886408139237469e-01 3.644796652730845077e-01
4.281128265412944556e-01 8.116002674655483640e-01 3.703647628956552307e-01
4.407043802630972174e-01 7.974828679778205309e-01 3.761258629249623064e-01
4.532959339848999791e-01 7.837718523737868814e-01 3.817960997095610209e-01
4.658874877067027409e-01 7.704996702975693834e-01 3.874095397542509644e-01
4.784790414285055582e-01 7.576956701983061926e-01 3.930009686645404843e-01
4.910705951503083200e-01 7.453859758424732362e-01 3.986056720710095536e-01
5.036621488721111373e-01 7.335933807593097988e-01 4.042592118121102196e-01
5.162537025939138990e-01 7.223372611232267149e-01 4.099971986859279327e-01
5.288452563157166608e-01 7.116335074736234168e-01 4.158550631058645086e-01
5.414368100375194226e-01 7.014944755670252663e-01 4.218678250119218820e-01
5.540283637593221844e-01 6.919289565495108096e-01 4.280698643981729612e-01
5.666199174811249462e-01 6.829421665296070421e-01 4.344946938180282436e-01
5.792114712029277079e-01 6.745357555238081781e-01 4.411747342220374568e-01
5.918030249247305807e-01 6.667078356392349692e-01 4.481410954682181758e-01
6.043945786465333425e-01 6.594530282512933717e-01 4.554233628223715580e-01
6.169861323683361043e-01 6.527625298291171996e-01 4.630493907356231786e-01
6.295776860901388661e-01 6.466241959586883636e-01 4.710451051486978513e-01
6.421692398119416278e-01 6.410226430133845188e-01 4.794343155273940171e-01
6.547607935337443896e-01 6.359393668248817244e-01 4.882385377816184646e-01
6.673523472555471514e-01 6.313528776143768617e-01 4.974768291614652393e-01
6.799439009773500242e-01 6.272388503555029748e-01 5.071656361584958583e-01
6.925354546991527860e-01 6.235702896566103215e-01 5.173186563689740058e-01
7.051270084209555478e-01 6.203177081717021757e-01 5.279467151987218276e-01
7.177185621427583095e-01 6.174493174767313741e-01 5.390576582069314115e-01
7.303101158645610713e-01 6.149312302815426179e-01 5.506562597991453423e-01
7.429016695863638331e-01 6.127276727878749885e-01 5.627441488882145570e-01
7.554932233081665949e-01 6.108012059508483027e-01 5.753197520468530390e-01
7.680847770299694677e-01 6.091129543555244830e-01 5.883782545769913330e-01
7.806763307517722295e-01 6.076228413817194030e-01 6.019115798200254108e-01
7.932678844735749912e-01 6.062898292994469696e-01 6.159083869288614066e-01
8.058594381953777530e-01 6.050721629143616109e-01 6.303540872179231869e-01
8.184509919171805148e-01 6.039276153674576486e-01 6.452308791016564404e-01
8.310425456389832766e-01 6.028137346861411894e-01 6.605178015260884106e-01
8.436340993607860383e-01 6.016880896846634741e-01 6.761908056923289223e-01
8.562256530825889111e-01 6.005085138207444384e-01 6.922228447660980777e-01
8.688172068043916729e-01 5.992333456319897111e-01 7.085839811640625152e-01
8.814087605261944347e-01 5.978216644002856128e-01 7.252415109065321053e-01
8.940003142479971965e-01 5.962335197245927088e-01 7.421601044274913628e-01
9.065918679697999583e-01 5.944301537222631548e-01 7.593019631375937939e-01
9.191834216916027200e-01 5.923742146259294294e-01 7.766269909441644304e-01
9.317749754134054818e-01 5.900299605968805094e-01 7.940929798449752886e-01
9.443665291352083546e-01 5.873634526363293862e-01 8.116558086300685870e-01
9.569580828570111164e-01 5.843427355427385228e-01 8.292696536487039749e-01
9.695496365788138782e-01 5.809380059359898762e-01 8.468872105270116579e-01
9.821411903006166400e-01 5.771217664472763076e-01 8.644599256565924650e-01
9.947327440224194017e-01 5.728689652566534285e-01 8.819382362154688515e-01
1.007324297744222275e+00 5.681571202477743165e-01 8.992718174308275136e-01
1.019915851466024925e+00 5.629664271408991727e-01 9.164098357481773593e-01
1.032507405187827798e+00 5.572798510603214073e-01 9.333012065341880215e-01
1.045098958909630449e+00 5.510832010902979583e-01 9.498948549107304462e-01
1.057690512631433322e+00 5.443651874738785201e-01 9.661399782957686977e-01
1.070282066353235972e+00 5.371174612110959368e-01 9.819863092128110482e-01
1.082873620075038845e+00 5.293346359162189874e-01 9.973843769247736635e-01
1.095465173796841718e+00 5.210142918975977366e-01 1.012285766450329305e+00
1.108056727518644369e+00 5.121569625274283721e-01 1.026643373531155534e+00
1.120648281240447242e+00 5.027661030719580149e-01 1.040411654136882191e+00
1.133239834962249892e+00 4.928480422546179240e-01 1.053546867120864539e+00
1.145831388684052765e+00 4.824119169247534922e-01 1.066007308674106424e+00
1.158422942405855416e+00 4.714695903024199164e-01 1.077753537266420425e+00
1.171014496127658289e+00 4.600355543645776590e-01 1.088748587813168855e+00
1.183606049849461161e+00 4.481268170294109288e-01 1.098958173862254695e+00
1.196197603571263812e+00 4.357627748828726277e-01 1.108350876659261797e+00
1.208789157293066685e+00 4.229650722744371372e-01 1.116898320018304469e+00
1.221380711014869336e+00 4.097574476869506599e-01 1.124575330001948759e+00
1.233972264736672209e+00 3.961655683579347609e-01 1.131360078495044608e+00
1.246563818458474859e+00 3.822168541963580912e-01 1.137234209844009802e+00
1.259155372180277732e+00 3.679402920993029014e-01 1.142182949824569915e+00
1.271746925902080605e+00 3.533662418268398442e-01 1.146195196296664554e+00
1.284338479623883256e+00 3.385262346404166456e-01 1.149263591004636709e+00
1.296930033345686128e+00 3.234527659499547014e-01 1.151384572083394175e+00
1.309521587067488779e+00 3.081790832473739750e-01 1.152558406936381896e+00
1.322113140789291652e+00 2.927389706292511939e-01 1.152789205258350380e+00
1.334704694511094303e+00 2.771665312286500371e-01 1.152084912084449853e+00
1.347296248232897176e+00 2.614959688857046993e-01 1.150457280856505005e+00
1.359887801954700048e+00 2.457613703882958467e-01 1.147921826606845386e+00
1.372479355676502699e+00 2.299964896080704257e-01 1.144497759469129461e+00
1.385070909398305572e+00 2.142345348432165564e-01 1.140207898833624389e+00
1.397662463120108223e+00 1.985079606578687428e-01 1.135078568570787150e+00
1.410254016841911096e+00 1.828482654789135575e-01 1.129139473851097808e+00
1.422845570563713746e+00 1.672857961745057298e-01 1.122423560190396907e+00
1.435437124285516619e+00 1.518495607949442716e-01 1.114966855447852456e+00
1.448028678007319492e+00 1.365670506060278899e-01 1.106808295597626168e+00
1.460620231729122143e+00 1.214640724878354172e-01 1.097989535184748178e+00
1.473211785450925015e+00 1.065645927084604982e-01 1.088554743460193208e+00
1.485803339172727666e+00 9.189059301290042336e-02 1.078550387269157085e+00
1.498394892894530539e+00 7.746193989247206202e-02 1.068025001839642663e+00
1.510986446616333190e+00 6.329626782026910592e-02 1.057028950685279245e+00
1.523578000338136063e+00 4.940887715370007038e-02 1.045614175896395492e+00
1.536169554059938935e+00 3.581264731661121942e-02 1.033833940146471564e+00
1.548761107781741586e+00 2.251796578135888474e-02 1.021742561786850079e+00
1.561352661503544459e+00 9.532673276042603894e-03 1.009395144440773162e+00
1.573944215225347110e+00 -3.137974455533115974e-03 9.968473025382068586e-01
1.586535768947149982e+00 -1.549132811316215712e-02 9.841548842553250465e-01
1.599127322668952633e+00 -2.752734939167022360e-02 9.713736933368671833e-01
1.611718876390755506e+00 -3.924859859898257447e-02 9.585592112857256319e-01
1.624310430112558379e+00 -5.066020541709009145e-02 9.457663214020841647e-01
1.636901983834361030e+00 -6.176982298351822720e-02 9.330490361441593494e-01
1.649493537556163902e+00 -7.258756557118814512e-02 9.204602292642297678e-01
1.662085091277966553e+00 -8.312593024322950663e-02 9.080513741472018285e-01
1.674676644999769426e+00 -9.339970295578500781e-02 8.958722897446564915e-01
1.687268198721572077e+00 -1.034258496755474099e-01 8.839708954553182618e-01
1.699859752443374949e+00 -1.132233931691871281e-01 8.723929762534259336e-01
1.712451306165177822e+00 -1.228132762083843088e-01 8.611819593098466452e-01
1.725042859886980473e+00 -1.322182120164165087e-01 8.503787032872694995e-01
1.737634413608783346e+00 -1.414625228596481654e-01 8.400213014208126605e-01
1.750225967330585997e+00 -1.505719677593964634e-01 8.301448994192662800e-01
1.762817521052388869e+00 -1.595735603660781432e-01 8.207815291403834923e-01
1.775409074774191520e+00 -1.684953780978712401e-01 8.119599589066228695e-01
1.788000628495994393e+00 -1.773663637000288951e-01 8.037055612359819134e-01
1.800592182217797266e+00 -1.862161204281003180e-01 7.960401986665898155e-01
1.813183735939599917e+00 -1.950747020984161251e-01 7.889821282540714353e-01
1.825775289661402789e+00 -2.039723992819954534e-01 7.825459252179176595e-01
1.838366843383205440e+00 -2.129395229433719283e-01 7.767424261077864323e-01
1.850958397105008313e+00 -2.220061868435440622e-01 7.715786917533703493e-01
1.863549950826810964e+00 -2.312020900362194153e-01 7.670579901528639111e-01
1.876141504548613836e+00 -2.405563007886971361e-01 7.631797993456783669e-01
1.888733058270416709e+00 -2.500970432530737475e-01 7.599398302055698773e-01
1.901324611992219360e+00 -2.598514882000165227e-01 7.573300689813265985e-01
1.913916165714022233e+00 -2.698455491061718114e-01 7.553388393042449467e-01
1.926507719435824884e+00 -2.801036848574986471e-01 7.539508832754028278e-01
1.939099273157627756e+00 -2.906487102945932155e-01 7.531474611418067511e-01
1.951690826879430407e+00 -3.015016157825896048e-01 7.529064689694295875e-01
1.964282380601233280e+00 -3.126813969377567615e-01 7.532025736235313795e-01
1.976873934323036153e+00 -3.242048955857133041e-01 7.540073642730110715e-01
1.989465488044838803e+00 -3.360866529626093668e-01 7.552895195463905642e-01
2.002057041766641454e+00 -3.483387761010095507e-01 7.570149893828836962e-01
2.014648595488444549e+00 -3.609708182669685295e-01 7.591471905433181400e-01
2.027240149210247200e+00 -3.739896742343426506e-01 7.616472146728868742e-01
2.039831702932049851e+00 -3.873994910971988448e-01 7.644740477412271806e-01
2.052423256653852501e+00 -4.012015952317153911e-01 7.675847996254930861e-01
2.065014810375655596e+00 -4.153944359257967234e-01 7.709349425492776353e-01
2.077606364097458247e+00 -4.299735460982067048e-01 7.744785570446895973e-01
2.090197917819260898e+00 -4.449315204299780779e-01 7.781685840668891574e-01
2.102789471541063993e+00 -4.602580111296947774e-01 7.819570818601069284e-01
2.115381025262866643e+00 -4.759397414515977864e-01 7.857954861517947309e-01
2.127972578984669294e+00 -4.919605369819045615e-01 7.896348722371995255e-01
2.140564132706471945e+00 -5.083013746048231640e-01 7.934262175103501402e-01
2.153155686428275040e+00 -5.249404489561568798e-01 7.971206629992846349e-01
2.165747240150077690e+00 -5.418532560696501799e-01 8.006697724732451116e-01
2.178338793871880341e+00 -5.590126938199850848e-01 8.040257877074883375e-01
2.190930347593683436e+00 -5.763891786671180295e-01 8.071418785171944332e-01
2.203521901315486087e+00 -5.939507781100982209e-01 8.099723862055292489e-01
2.216113455037288738e+00 -6.116633581651266249e-01 8.124730591120359335e-01
2.228705008759091388e+00 -6.294907450929660975e-01 8.146012789959583555e-01
2.241296562480894483e+00 -6.473949005154389091e-01 8.163162770445394623e-01
2.253888116202697134e+00 -6.653361089801069772e-01 8.175793383584780694e-01
2.266479669924499785e+00 -6.832731769568299862e-01 8.183539938351874765e-01
2.279071223646302879e+00 -7.011636421801388241e-01 8.186061984449076734e-01
2.291662777368105530e+00 -7.189639921877029050e-01 8.183044949746237640e-01
2.304254331089908181e+00 -7.366298908479536056e-01 8.174201623996876220e-01
2.316845884811710832e+00 -7.541164116194765121e-01 8.159273481325443056e-01
2.329437438533513927e+00 -7.713782762414580496e-01 8.138031834914860596e-01
2.342028992255316577e+00 -7.883700975184640969e-01 8.110278818294027747e-01
2.354620545977119228e+00 -8.050466248344081421e-01 8.075848188624626944e-01
2.367212099698922323e+00 -8.213629910098604325e-01 8.034605948410034060e-01
2.379803653420724974e+00 -8.372749591040411499e-01 7.986450783090429661e-01
2.392395207142527624e+00 -8.527391677579851947e-01 7.931314313041246677e-01
2.404986760864330275e+00 -8.677133736784836682e-01 7.869161159551201212e-01
2.417578314586133370e+00 -8.821566898735618834e-01 7.799988825414905236e-01
2.430169868307936021e+00 -8.960298182693096081e-01 7.723827391827640110e-01
2.442761422029738672e+00 -9.092952753648188002e-01 7.640739034310272126e-01
2.455352975751541766e+00 -9.219176096165966339e-01 7.550817361414586815e-01
2.467944529473344417e+00 -9.338636092859861071e-01 7.454186580957563590e-01
2.480536083195147068e+00 -9.451024995325740807e-01 7.351000499501897378e-01
2.493127636916949719e+00 -9.556061275930243237e-01 7.241441361733700344e-01
2.505719190638752814e+00 -9.653491349479795813e-01 7.125718537281563458e-01
2.518310744360555464e+00 -9.743091154492135031e-01 7.004067063369104895e-01
2.530902298082358115e+00 -9.824667584547637222e-01 6.876746052490625427e-01
2.543493851804161210e+00 -9.898059761008638491e-01 6.744036975042704274e-01
2.556085405525963861e+00 -9.963140139257058436e-01 6.606241827528546162e-01
2.568676959247766511e+00 -1.001981544150911452e+00 6.463681197573337700e-01
2.581268512969569162e+00 -1.006802741021536773e+00 6.316692237544327959e-01
2.593860066691372257e+00 -1.010775337704003407e+00 6.165626559055240596e-01
2.606451620413174908e+00 -1.013900664342923585e+00 6.010848061048945645e-01
2.619043174134977559e+00 -1.016183666981864464e+00 5.852730704492152825e-01
2.631634727856780653e+00 -1.017632907159009337e+00 5.691656246979988065e-01
2.644226281578583304e+00 -1.018260542095929644e+00 5.528011950734771363e-01
2.656817835300385955e+00 -1.018082285505565787e+00 5.362188277591377616e-01
2.669409389022188606e+00 -1.017117349153513040e+00 5.194576584591037438e-01
2.682000942743991700e+00 -1.015388365414143790e+00 5.025566833755487073e-01
2.694592496465794351e+00 -1.012921291169408544e+00 4.855545329485350670e-01
2.707184050187597002e+00 -1.009745293502713137e+00 4.684892496820535768e-01
2.719775603909400097e+00 -1.005892617742489836e+00 4.513980713518261356e-01
2.732367157631202748e+00 -1.001398438509401911e+00 4.343172208547287916e-01
2.744958711353005398e+00 -9.963006945169230466e-01 4.172817039167312503e-01
2.757550265074808049e+00 -9.906399079668822827e-01 4.003251158263382847e-01
2.770141818796611144e+00 -9.844589894687864051e-01 3.834794583038549920e-01
2.782733372518413795e+00 -9.778030294939892286e-01 3.667749675538264920e-01
2.795324926240216445e+00 -9.707190774524765420e-01 3.502399544790086861e-01
2.807916479962019540e+00 -9.632559095508123059e-01 3.339006579596905389e-01
2.820508033683822191e+00 -9.554637866542191604e-01 3.177811120224758312e-01
2.833099587405624842e+00 -9.473942034334500439e-01 3.019030276382618228e-01
2.845691141127427493e+00 -9.390996301277881875e-01 2.862856898006240769e-01
2.858282694849230587e+00 -9.306332482988064481e-01 2.709458704435845355e-01
2.870874248571033238e+00 -9.220486819852431459e-01 2.558977576624305583e-01
2.883465802292835889e+00 -9.133997256972846701e-01 2.411529016033402972e-01
2.896057356014638984e+00 -9.047400707084936045e-01 2.267201772876999699e-01
2.908648909736441635e+00 -8.961230311155129469e-01 2.126057645356847214e-01
2.921240463458244285e+00 -8.876012711393972410e-01 1.988131450515496779e-01
2.933832017180046936e+00 -8.792265351379712213e-01 1.853431166307417943e-01
2.946423570901850031e+00 -8.710493817859987775e-01 1.721938243469405549e-01
2.959015124623652682e+00 -8.631189238592245072e-01 1.593608084761240495e-01
2.971606678345455332e+00 -8.554825750296510822e-01 1.468370688152663139e-01
2.984198232067258427e+00 -8.481858050428819906e-01 1.346131449559335447e-01
2.996789785789061078e+00 -8.412719046041845505e-01 1.226772119783682280e-01
3.009381339510863729e+00 -8.347817612483726668e-01 1.110151909402261050e-01
3.021972893232666380e+00 -8.287536474099441719e-01 9.961087344648326958e-02
3.034564446954469474e+00 -8.232230218444649417e-01 8.844605950363780555e-02
3.047156000676272125e+00 -8.182223454803192464e-01 7.750070778272065419e-02
3.059747554398074776e+00 -8.137809127020704247e-01 6.675309734221711311e-02
3.072339108119877871e+00 -8.099246989832035171e-01 5.617999979425256085e-02
3.084930661841680521e+00 -8.066762256974285838e-01 4.575686083565711632e-02
3.097522215563483172e+00 -8.040544428445018932e-01 3.545799001018982988e-02
3.110113769285285823e+00 -8.020746303291964585e-01 2.525675751958991744e-02
3.122705323007088918e+00 -8.007483183311554509e-01 1.512579685948130248e-02
3.135296876728891569e+00 -8.000832271994656741e-01 5.037212021772830180e-03
3.147888430450694219e+00 -8.000832271994655631e-01 -5.037212021772277670e-03
3.160479984172497314e+00 -8.007483183311554509e-01 -1.512579685948110472e-02
3.173071537894299965e+00 -8.020746303291963475e-01 -2.525675751958936233e-02
3.185663091616102616e+00 -8.040544428445017822e-01 -3.545799001018926089e-02
3.198254645337905266e+00 -8.066762256974283618e-01 -4.575686083565654733e-02
3.210846199059708361e+00 -8.099246989832035171e-01 -5.617999979425236656e-02
3.223437752781511012e+00 -8.137809127020703137e-01 -6.675309734221654412e-02
3.236029306503313663e+00 -8.182223454803189133e-01 -7.750070778272004357e-02
3.248620860225116758e+00 -8.232230218444648306e-01 -8.844605950363758351e-02
3.261212413946919408e+00 -8.287536474099439499e-01 -9.961087344648264508e-02
3.273803967668722059e+00 -8.347817612483723337e-01 -1.110151909402254944e-01
3.286395521390524710e+00 -8.412719046041845505e-01 -1.226772119783676451e-01
3.298987075112327805e+00 -8.481858050428818796e-01 -1.346131449559333226e-01
3.311578628834130456e+00 -8.554825750296506381e-01 -1.468370688152656478e-01
3.324170182555933106e+00 -8.631189238592241741e-01 -1.593608084761233834e-01
3.336761736277736201e+00 -8.710493817859983334e-01 -1.721938243469402496e-01
3.349353289999538852e+00 -8.792265351379704441e-01 -1.853431166307409894e-01
3.361944843721341503e+00 -8.876012711393964638e-01 -1.988131450515488730e-01
3.374536397443144153e+00 -8.961230311155125028e-01 -2.126057645356839443e-01
3.387127951164947248e+00 -9.047400707084937155e-01 -2.267201772876998034e-01
3.399719504886749899e+00 -9.133997256972840040e-01 -2.411529016033394368e-01
3.412311058608552550e+00 -9.220486819852423688e-01 -2.558977576624296701e-01
3.424902612330355645e+00 -9.306332482988063370e-01 -2.709458704435842580e-01
3.437494166052158295e+00 -9.390996301277881875e-01 -2.862856898006233553e-01
3.450085719773960946e+00 -9.473942034334493778e-01 -3.019030276382609346e-01
3.462677273495763597e+00 -9.554637866542184943e-01 -3.177811120224748875e-01
3.475268827217566692e+00 -9.632559095508121949e-01 -3.339006579596902613e-01
3.487860380939369342e+00 -9.707190774524760979e-01 -3.502399544790078534e-01
3.500451934661171993e+00 -9.778030294939892286e-01 -3.667749675538257148e-01
3.513043488382975088e+00 -9.844589894687862941e-01 -3.834794583038546589e-01
3.525635042104777739e+00 -9.906399079668821717e-01 -4.003251158263373966e-01
3.538226595826580390e+00 -9.963006945169227135e-01 -4.172817039167302511e-01
3.550818149548383040e+00 -1.001398438509401467e+00 -4.343172208547279034e-01
3.563409703270186135e+00 -1.005892617742489836e+00 -4.513980713518258026e-01
3.576001256991988786e+00 -1.009745293502712693e+00 -4.684892496820525221e-01
3.588592810713791437e+00 -1.012921291169408322e+00 -4.855545329485341788e-01
3.601184364435594532e+00 -1.015388365414144012e+00 -5.025566833755483742e-01
3.613775918157397182e+00 -1.017117349153512817e+00 -5.194576584591027446e-01
3.626367471879199833e+00 -1.018082285505565565e+00 -5.362188277591367624e-01
3.638959025601002484e+00 -1.018260542095929644e+00 -5.528011950734760260e-01
3.651550579322805579e+00 -1.017632907159009781e+00 -5.691656246979985845e-01
3.664142133044608229e+00 -1.016183666981864464e+00 -5.852730704492143943e-01
3.676733686766410880e+00 -1.013900664342923807e+00 -6.010848061048936763e-01
3.689325240488213975e+00 -1.010775337704003185e+00 -6.165626559055237266e-01
3.701916794210016626e+00 -1.006802741021536995e+00 -6.316692237544320188e-01
3.714508347931819277e+00 -1.001981544150911674e+00 -6.463681197573329928e-01
3.727099901653621927e+00 -9.963140139257060657e-01 -6.606241827528538391e-01
3.739691455375425022e+00 -9.898059761008639601e-01 -6.744036975042700943e-01
3.752283009097227673e+00 -9.824667584547642774e-01 -6.876746052490618766e-01
3.764874562819030324e+00 -9.743091154492138362e-01 -7.004067063369098234e-01
3.777466116540833418e+00 -9.653491349479796924e-01 -7.125718537281561238e-01
3.790057670262636069e+00 -9.556061275930248788e-01 -7.241441361733693682e-01
3.802649223984438720e+00 -9.451024995325747469e-01 -7.351000499501891827e-01
3.815240777706241371e+00 -9.338636092859868842e-01 -7.454186580957558039e-01
3.827832331428044466e+00 -9.219176096165968559e-01 -7.550817361414583484e-01
3.840423885149847116e+00 -9.092952753648196884e-01 -7.640739034310268796e-01
3.853015438871649767e+00 -8.960298182693102742e-01 -7.723827391827635669e-01
3.865606992593452862e+00 -8.821566898735619944e-01 -7.799988825414901905e-01
3.878198546315255513e+00 -8.677133736784844453e-01 -7.869161159551198992e-01
3.890790100037058163e+00 -8.527391677579860829e-01 -7.931314313041243347e-01
3.903381653758860814e+00 -8.372749591040421491e-01 -7.986450783090428551e-01
3.915973207480663909e+00 -8.213629910098606546e-01 -8.034605948410031839e-01
3.928564761202466560e+00 -8.050466248344090303e-01 -8.075848188624622503e-01
3.941156314924269211e+00 -7.883700975184647630e-01 -8.110278818294024417e-01
3.953747868646072305e+00 -7.713782762414584937e-01 -8.138031834914859486e-01
3.966339422367874956e+00 -7.541164116194776224e-01 -8.159273481325443056e-01
3.978930976089677607e+00 -7.366298908479543828e-01 -8.174201623996874000e-01
3.991522529811480258e+00 -7.189639921877036821e-01 -8.183044949746234309e-01
4.004114083533282908e+00 -7.011636421801399344e-01 -8.186061984449078954e-01
4.016705637255086003e+00 -6.832731769568310964e-01 -8.183539938351874765e-01
4.029297190976889098e+00 -6.653361089801071993e-01 -8.175793383584779583e-01
4.041888744698691305e+00 -6.473949005154399083e-01 -8.163162770445396843e-01
4.054480298420494400e+00 -6.294907450929672077e-01 -8.146012789959586886e-01
4.067071852142297494e+00 -6.116633581651268470e-01 -8.124730591120359335e-01
4.079663405864099701e+00 -5.939507781100991091e-01 -8.099723862055293599e-01
4.092254959585902796e+00 -5.763891786671186956e-01 -8.071418785171948773e-01
4.104846513307705003e+00 -5.590126938199865281e-01 -8.040257877074884485e-01
4.117438067029508098e+00 -5.418532560696512901e-01 -8.006697724732456667e-01
4.130029620751311192e+00 -5.249404489561572129e-01 -7.971206629992847459e-01
4.142621174473113399e+00 -5.083013746048244963e-01 -7.934262175103502512e-01
4.155212728194916494e+00 -4.919605369819051721e-01 -7.896348722371994144e-01
4.167804281916719589e+00 -4.759397414515980640e-01 -7.857954861517948419e-01
4.180395835638521795e+00 -4.602580111296956655e-01 -7.819570818601071505e-01
4.192987389360324890e+00 -4.449315204299789106e-01 -7.781685840668893794e-01
4.205578943082127985e+00 -4.299735460982069823e-01 -7.744785570446897083e-01
4.218170496803930192e+00 -4.153944359257976116e-01 -7.709349425492779684e-01
4.230762050525733287e+00 -4.012015952317161127e-01 -7.675847996254931971e-01
4.243353604247536381e+00 -3.873994910971990113e-01 -7.644740477412270696e-01
4.255945157969338588e+00 -3.739896742343433722e-01 -7.616472146728869852e-01
4.268536711691141683e+00 -3.609708182669688070e-01 -7.591471905433181400e-01
4.281128265412943890e+00 -3.483387761010106054e-01 -7.570149893828836962e-01
4.293719819134746984e+00 -3.360866529626100330e-01 -7.552895195463906752e-01
4.306311372856550079e+00 -3.242048955857136372e-01 -7.540073642730111825e-01
4.318902926578352286e+00 -3.126813969377575941e-01 -7.532025736235312685e-01
4.331494480300155381e+00 -3.015016157825902154e-01 -7.529064689694296986e-01
4.344086034021958476e+00 -2.906487102945934375e-01 -7.531474611418067511e-01
4.356677587743760682e+00 -2.801036848574994242e-01 -7.539508832754028278e-01
4.369269141465563777e+00 -2.698455491061722000e-01 -7.553388393042447246e-01
4.381860695187366872e+00 -2.598514882000168003e-01 -7.573300689813267095e-01
4.394452248909169079e+00 -2.500970432530743581e-01 -7.599398302055697663e-01
4.407043802630972174e+00 -2.405563007886974691e-01 -7.631797993456782558e-01
4.419635356352775268e+00 -2.312020900362195819e-01 -7.670579901528638000e-01
4.432226910074577475e+00 -2.220061868435445895e-01 -7.715786917533700162e-01
4.444818463796380570e+00 -2.129395229433722614e-01 -7.767424261077863212e-01
4.457410017518182777e+00 -2.039723992819960641e-01 -7.825459252179172154e-01
4.470001571239985871e+00 -1.950747020984166247e-01 -7.889821282540711023e-01
4.482593124961788966e+00 -1.862161204281004845e-01 -7.960401986665895935e-01
4.495184678683591173e+00 -1.773663637000295334e-01 -8.037055612359813583e-01
4.507776232405394268e+00 -1.684953780978717397e-01 -8.119599589066223144e-01
4.520367786127197363e+00 -1.595735603660782820e-01 -8.207815291403831592e-01
4.532959339848999569e+00 -1.505719677593971573e-01 -8.301448994192658359e-01
4.545550893570802664e+00 -1.414625228596484985e-01 -8.400213014208122164e-01
4.558142447292605759e+00 -1.322182120164166752e-01 -8.503787032872692775e-01
4.570734001014407966e+00 -1.228132762083848500e-01 -8.611819593098460901e-01
4.583325554736211060e+00 -1.132233931691875028e-01 -8.723929762534258225e-01
4.595917108458014155e+00 -1.034258496755475903e-01 -8.839708954553179288e-01
4.608508662179816362e+00 -9.339970295578553516e-02 -8.958722897446556033e-01
4.621100215901619457e+00 -8.312593024322990909e-02 -9.080513741472014955e-01
4.633691769623421663e+00 -7.258756557118890840e-02 -9.204602292642288797e-01
4.646283323345224758e+00 -6.176982298351881007e-02 -9.330490361441583502e-01
4.658874877067027853e+00 -5.066020541709030656e-02 -9.457663214020838316e-01
4.671466430788830060e+00 -3.924859859898340714e-02 -9.585592112857247438e-01
4.684057984510633155e+00 -2.752734939167087932e-02 -9.713736933368666282e-01
4.696649538232436250e+00 -1.549132811316238784e-02 -9.841548842553246024e-01
4.709241091954238456e+00 -3.137974455534022367e-03 -9.968473025382063035e-01
4.721832645676041551e+00 9.532673276042126845e-03 -1.009395144440772718e+00
4.734424199397844646e+00 2.251796578135862106e-02 -1.021742561786849413e+00
4.747015753119646853e+00 3.581264731661049083e-02 -1.033833940146471120e+00
4.759607306841449947e+00 4.940887715369954997e-02 -1.045614175896394826e+00
4.772198860563253042e+00 6.329626782026884224e-02 -1.057028950685279245e+00
4.784790414285055249e+00 7.746193989247128486e-02 -1.068025001839642218e+00
4.797381968006858344e+00 9.189059301289992376e-02 -1.078550387269157085e+00
4.809973521728660550e+00 1.065645927084594435e-01 -1.088554743460192764e+00
4.822565075450463645e+00 1.214640724878345845e-01 -1.097989535184747512e+00
4.835156629172266740e+00 1.365670506060276401e-01 -1.106808295597626168e+00
4.847748182894068947e+00 1.518495607949431614e-01 -1.114966855447852012e+00
4.860339736615872042e+00 1.672857961745047861e-01 -1.122423560190396241e+00
4.872931290337675136e+00 1.828482654789132522e-01 -1.129139473851097586e+00
4.885522844059477343e+00 1.985079606578676048e-01 -1.135078568570786706e+00
4.898114397781280438e+00 2.142345348432160013e-01 -1.140207898833624167e+00
4.910705951503083533e+00 2.299964896080700927e-01 -1.144497759469129239e+00
4.923297505224885739e+00 2.457613703882950140e-01 -1.147921826606845386e+00
4.935889058946688834e+00 2.614959688857040887e-01 -1.150457280856504783e+00
4.948480612668491929e+00 2.771665312286497040e-01 -1.152084912084449630e+00
4.961072166390294136e+00 2.927389706292503613e-01 -1.152789205258350602e+00
4.973663720112097231e+00 3.081790832473733643e-01 -1.152558406936381674e+00
4.986255273833899437e+00 3.234527659499535912e-01 -1.151384572083394398e+00
4.998846827555702532e+00 3.385262346404158129e-01 -1.149263591004636709e+00
5.011438381277505627e+00 3.533662418268395666e-01 -1.146195196296664554e+00
5.024029934999307834e+00 3.679402920993018467e-01 -1.142182949824570359e+00
5.036621488721110929e+00 3.822168541963572586e-01 -1.137234209844010024e+00
5.049213042442914023e+00 3.961655683579345388e-01 -1.131360078495045052e+00
5.061804596164716230e+00 4.097574476869496607e-01 -1.124575330001949203e+00
5.074396149886519325e+00 4.229650722744366931e-01 -1.116898320018304913e+00
5.086987703608322420e+00 4.357627748828722947e-01 -1.108350876659262019e+00
5.099579257330124626e+00 4.481268170294103181e-01 -1.098958173862255361e+00
5.112170811051927721e+00 4.600355543645771039e-01 -1.088748587813169078e+00
5.124762364773730816e+00 4.714695903024197499e-01 -1.077753537266420869e+00
5.137353918495533023e+00 4.824119169247527705e-01 -1.066007308674106646e+00
5.149945472217336118e+00 4.928480422546174800e-01 -1.053546867120864983e+00
5.162537025939138324e+00 5.027661030719573487e-01 -1.040411654136883302e+00
5.175128579660941419e+00 5.121569625274278170e-01 -1.026643373531156422e+00
5.187720133382744514e+00 5.210142918975976256e-01 -1.012285766450329749e+00
5.200311687104546721e+00 5.293346359162186543e-01 -9.973843769247752178e-01
5.212903240826349816e+00 5.371174612110954927e-01 -9.819863092128117144e-01
5.225494794548152910e+00 5.443651874738781871e-01 -9.661399782957685867e-01
5.238086348269955117e+00 5.510832010902974032e-01 -9.498948549107315564e-01
5.250677901991758212e+00 5.572798510603214073e-01 -9.333012065341889096e-01
5.263269455713561307e+00 5.629664271408989507e-01 -9.164098357481774704e-01
5.275861009435363513e+00 5.681571202477738725e-01 -8.992718174308282908e-01
5.288452563157166608e+00 5.728689652566535395e-01 -8.819382362154697397e-01
5.301044116878969703e+00 5.771217664472763076e-01 -8.644599256565926870e-01
5.313635670600771910e+00 5.809380059359898762e-01 -8.468872105270128792e-01
5.326227224322575005e+00 5.843427355427383008e-01 -8.292696536487044190e-01
5.338818778044377211e+00 5.873634526363291641e-01 -8.116558086300700303e-01
5.351410331766180306e+00 5.900299605968800654e-01 -7.940929798449759547e-01
5.364001885487983401e+00 5.923742146259295405e-01 -7.766269909441649855e-01
5.376593439209785608e+00 5.944301537222631548e-01 -7.593019631375951262e-01
5.389184992931588702e+00 5.962335197245925977e-01 -7.421601044274921399e-01
5.401776546653391797e+00 5.978216644002857239e-01 -7.252415109065326604e-01
5.414368100375194004e+00 5.992333456319899332e-01 -7.085839811640637365e-01
5.426959654096997099e+00 6.005085138207444384e-01 -6.922228447660986328e-01
5.439551207818800194e+00 6.016880896846632520e-01 -6.761908056923290333e-01
5.452142761540602400e+00 6.028137346861408563e-01 -6.605178015260892987e-01
5.464734315262405495e+00 6.039276153674575376e-01 -6.452308791016571066e-01
5.477325868984208590e+00 6.050721629143616109e-01 -6.303540872179232979e-01
5.489917422706010797e+00 6.062898292994468585e-01 -6.159083869288621838e-01
5.502508976427813892e+00 6.076228413817195140e-01 -6.019115798200260770e-01
5.515100530149616098e+00 6.091129543555242609e-01 -5.883782545769921102e-01
5.527692083871419193e+00 6.108012059508481917e-01 -5.753197520468538162e-01
5.540283637593222288e+00 6.127276727878747664e-01 -5.627441488882148901e-01
5.552875191315024495e+00 6.149312302815423958e-01 -5.506562597991462304e-01
5.565466745036827589e+00 6.174493174767311521e-01 -5.390576582069318556e-01
5.578058298758630684e+00 6.203177081717021757e-01 -5.279467151987220497e-01
5.590649852480432891e+00 6.235702896566102105e-01 -5.173186563689746720e-01
5.603241406202235986e+00 6.272388503555028638e-01 -5.071656361584961914e-01
5.615832959924039081e+00 6.313528776143767507e-01 -4.974768291614655169e-01
5.628424513645841287e+00 6.359393668248816134e-01 -4.882385377816190197e-01
5.641016067367644382e+00 6.410226430133841857e-01 -4.794343155273942392e-01
5.653607621089447477e+00 6.466241959586883636e-01 -4.710451051486979623e-01
5.666199174811249684e+00 6.527625298291168665e-01 -4.630493907356236227e-01
5.678790728533052778e+00 6.594530282512931496e-01 -4.554233628223717245e-01
5.691382282254854985e+00 6.667078356392344141e-01 -4.481410954682186754e-01
5.703973835976658080e+00 6.745357555238077341e-01 -4.411747342220379009e-01
5.716565389698461175e+00 6.829421665296067090e-01 -4.344946938180284657e-01
5.729156943420263381e+00 6.919289565495101435e-01 -4.280698643981734053e-01
5.741748497142066476e+00 7.014944755670247112e-01 -4.218678250119220485e-01
5.754340050863869571e+00 7.116335074736234168e-01 -4.158550631058646752e-01
5.766931604585671778e+00 7.223372611232260487e-01 -4.099971986859283213e-01
5.779523158307474873e+00 7.335933807593094658e-01 -4.042592118121105527e-01
5.792114712029277968e+00 7.453859758424731252e-01 -3.986056720710096091e-01
5.804706265751080174e+00 7.576956701983053044e-01 -3.930009686645407618e-01
5.817297819472883269e+00 7.704996702975690503e-01 -3.874095397542512420e-01
5.829889373194686364e+00 7.837718523737866594e-01 -3.817960997095610209e-01
5.842480926916488571e+00 7.974828679778194207e-01 -3.761258629249624730e-01
5.855072480638291665e+00 8.116002674655479199e-01 -3.703647628956553417e-01
5.867664034360093872e+00 8.260886408139224146e-01 -3.644796652730849518e-01
5.880255588081896967e+00 8.409097750630586399e-01 -3.584385736611934714e-01
5.892847141803700062e+00 8.560228275880936710e-01 -3.522108269606879505e-01
5.905438695525502268e+00 8.713845143150028560e-01 -3.457672871219437116e-01
5.918030249247305363e+00 8.869493119097053846e-01 -3.390805162270220108e-01
5.930621802969108458e+00 9.026696728902970923e-01 -3.321249418873279402e-01
5.943213356690910665e+00 9.184962525384452459e-01 -3.248770100152292839e-01
5.955804910412713760e+00 9.343781464183347207e-01 -3.173153241051603346e-01
5.968396464134516854e+00 9.502631372504469764e-01 -3.094207702418309003e-01
5.980988017856319061e+00 9.660979498332413762e-01 -3.011766271396580374e-01
5.993579571578122156e+00 9.818285126588047751e-01 -2.925686606080112884e-01
6.006171125299925251e+00 9.974002248289430828e-01 -2.835852019306835392e-01
6.018762679021727457e+00 1.012758226846420140e+00 -2.742172097446854973e-01
6.031354232743530552e+00 1.027847673832016140e+00 -2.644583151024213485e-01
6.043945786465332759e+00 1.042614009702174993e+00 -2.543048495019902266e-01
6.056537340187135854e+00 1.057003240834233804e+00 -2.437558557721117847e-01
6.069128893908938949e+00 1.070962207746513961e+00 -2.328130818005250402e-01
6.081720447630741155e+00 1.084438853329177999e+00 -2.214809571969159063e-01
6.094312001352544250e+00 1.097382486178391181e+00 -2.097665530830318259e-01
6.106903555074347345e+00 1.109744037611039902e+00 -1.976795253029643151e-01
6.119495108796149552e+00 1.121476310969960366e+00 -1.852320414450517039e-01
6.132086662517952647e+00 1.132534221869946123e+00 -1.724386921629483815e-01
6.144678216239755741e+00 1.142875028082743771e+00 -1.593163873765286453e-01
6.157269769961557948e+00 1.152458547814383838e+00 -1.458842380228699553e-01
6.169861323683361043e+00 1.161247365190291925e+00 -1.321634241131689202e-01
6.182452877405164138e+00 1.169207021832326721e+00 -1.181770499325020957e-01
6.195044431126966344e+00 1.176306193486827523e+00 -1.039499872953836695e-01
6.207635984848769439e+00 1.182516850743486225e+00 -8.950870784073253206e-02
6.220227538570571646e+00 1.187814402970933658e+00 -7.488110541465341219e-02
6.232819092292374741e+00 1.192177824685935361e+00 -6.009630964797608305e-02
6.245410646014177836e+00 1.195589763668395200e+00 -4.518449188756815116e-02
6.258002199735980042e+00 1.198036630233579425e+00 -3.017666468554011661e-02
6.270593753457783137e+00 1.199508667175428034e+00 -1.510447608853597579e-02
6.283185307179586232e+00 1.199999999999999956e+00 -2.939152317953647599e-16
