0.000000000000000000e+00 1.199999999999999956e+00 0.000000000000000000e+00
1.282282715750935886e-01 1.150756819245357887e+00 1.483736615444608553e-01
2.564565431501871773e-01 1.022339277627247522e+00 2.680889292290415393e-01
3.846848147252807659e-01 8.628918260770556126e-01 3.493461829668368379e-01
5.129130863003743546e-01 7.252703358242722498e-01 4.084646433647091679e-01
6.411413578754678877e-01 6.414602155418591689e-01 4.787342008393821735e-01
7.693696294505615318e-01 6.089525082319257043e-01 5.897376173104952324e-01
8.975979010256551760e-01 5.957418952543650503e-01 7.470367081329826187e-01
1.025826172600748709e+00 5.603599036806327094e-01 9.243722722965908023e-01
1.154054444175842242e+00 4.753224027184215217e-01 1.073761587359853831e+00
1.282282715750935775e+00 3.409659104466100099e-01 1.148827293679686834e+00
1.410510987326029531e+00 1.825295912079580307e-01 1.129010061923267250e+00
1.538739258901123064e+00 3.307466325487341818e-02 1.031389795239275875e+00
1.666967530476216597e+00 -8.714016066226347446e-02 9.032989223402061452e-01
1.795195802051310352e+00 -1.824240471660724394e-01 7.992519727168382326e-01
1.923424073626403885e+00 -2.775658080869171096e-01 7.542359674077807608e-01
2.051652345201497418e+00 -4.003453093790628192e-01 7.673870057770730835e-01
2.179880616776590951e+00 -5.611293855467438529e-01 8.044211702665708952e-01
2.308108888351684485e+00 -7.420040472973197243e-01 8.170289195088443757e-01
2.436337159926778018e+00 -9.026053620942844358e-01 7.683991477474508835e-01
2.564565431501871551e+00 -1.000223768619038944e+00 6.510735227204428321e-01
2.692793703076965528e+00 -1.013317848088292505e+00 4.879881564239848535e-01
2.821021974652059061e+00 -9.551394937896964255e-01 3.171281611223110142e-01
2.949250246227152594e+00 -8.692458876690535297e-01 1.692856214601399789e-01
3.077478517802246127e+00 -8.085242307118312155e-01 5.190897788372649674e-02
3.205706789377339661e+00 -8.085242307118309935e-01 -5.190897788372593469e-02
3.333935060952433194e+00 -8.692458876690528635e-01 -1.692856214601392295e-01
3.462163332527526727e+00 -9.551394937896960924e-01 -3.171281611223101260e-01
3.590391604102620704e+00 -1.013317848088292505e+00 -4.879881564239845204e-01
3.718619875677714237e+00 -1.000223768619039388e+00 -6.510735227204421660e-01
3.846848147252807770e+00 -9.026053620942852129e-01 -7.683991477474503284e-01
3.975076418827901303e+00 -7.420040472973205015e-01 -8.170289195088442646e-01
4.103304690402994837e+00 -5.611293855467449632e-01 -8.044211702665712282e-01
4.231532961978088814e+00 -4.003453093790630413e-01 -7.673870057770730835e-01
4.359761233553181903e+00 -2.775658080869176092e-01 -7.542359674077806497e-01
4.487989505128275880e+00 -1.824240471660726060e-01 -7.992519727168381216e-01
4.616217776703368969e+00 -8.714016066226420998e-02 -9.032989223402052570e-01
4.744446048278462946e+00 3.307466325487291164e-02 -1.031389795239275209e+00
4.872674319853556035e+00 1.825295912079568927e-01 -1.129010061923266806e+00
5.000902591428650013e+00 3.409659104466092328e-01 -1.148827293679687056e+00
5.129130863003743102e+00 4.753224027184203559e-01 -1.073761587359854497e+00
5.257359134578837079e+00 5.603599036806322653e-01 -9.243722722965918015e-01
5.385587406153931056e+00 5.957418952543649393e-01 -7.470367081329829517e-01
5.513815677729024145e+00 6.089525082319255933e-01 -5.897376173104960095e-01
5.642043949304118122e+00 6.414602155418590579e-01 -4.787342008393824511e-01
5.770272220879211211e+00 7.252703358242713616e-01 -4.084646433647095010e-01
5.898500492454305189e+00 8.628918260770547244e-01 -3.493461829668370044e-01
6.026728764029398278e+00 1.022339277627246412e+00 -2.680889292290424275e-01
6.154957035604492255e+00 1.150756819245357443e+00 -1.483736615444615492e-01
6.283185307179586232e+00 1.199999999999999956e+00 -2.939152317953647599e-16
